ENV["GRB_LICENSE_FILE"] = "/home/htc/htroppen/gurobi.lic"
iCHOv1
(time_limit, fast, json, yeast) = (1800, true, true, false)
fast = true

iCHOv1
----------------------------------
number of metabolites : 4456
number of reactions : 6663
number of genes : 1766

MOI.get(master_problem, MOI.RawOptimizerAttribute("numerics/feastol")) = 1.0e-6
multiple_mis = 333
max_cuts = 33
(indicator, big_m) = (false, true)
BIG M ADDED
model with 6663 flux variables and 12684 variables in total
master problem solved
feasible = false
[length(mis) for mis = unique(C_list)] = [20, 3, 4, 3, 4, 5, 46, 7, 6, 452, 4, 32, 2, 7, 4, 4, 4, 26, 5, 4, 4, 3, 3, 4, 47, 4, 4, 4, 2, 8, 5, 4, 4, 4, 105, 291, 307, 4, 40, 3, 16, 80, 247, 354, 6, 84, 16, 10, 316, 232, 4, 4, 3, 5, 335, 11, 263, 4, 4, 3, 299, 15, 5, 4, 4, 642, 4, 11, 6, 5, 4, 5, 4, 5, 4, 4, 17, 64, 4, 7, 276, 25, 3, 5, 7, 4, 5, 12, 6, 283, 6, 4, 5, 258, 6, 5, 4, 4, 5, 13, 4, 4, 4, 9, 39, 17, 5, 4, 4, 4, 46, 4, 4, 3, 28, 4, 9, 4, 22, 4, 4, 3, 9, 6, 4, 4, 4, 4, 262, 4, 7, 5, 10, 5, 4, 4, 3, 223, 47, 5, 540, 297, 27, 276]
length(C_list) = 33
sub problem solved
iter = 1
[length(mis) for mis = unique(C_list)] = [6, 3, 5, 4, 4, 8, 5, 4, 13, 4, 6, 5, 9, 12, 3, 5, 5, 3, 3, 3, 90, 6, 3, 5, 3, 5, 7, 4, 4, 13, 3, 5, 4, 19, 3, 436, 4, 4, 63, 4, 5, 4, 16, 6, 331, 4, 4, 4, 6, 18, 4, 8, 4, 4, 4, 3, 5, 18, 3, 8, 3, 3, 143, 4, 8, 11, 4, 4, 10, 4, 3, 3, 4, 15, 3, 17, 4, 4, 31, 8, 15, 19, 225, 6, 4, 111, 8, 6, 79, 4, 4, 6, 8, 4, 99, 6, 5, 9, 4, 46, 150, 63, 4, 4, 5, 306, 4, 5, 4, 6, 22, 19, 31, 4, 5, 15, 6, 9, 35, 6, 3, 4, 59, 6, 4, 6, 4, 14, 33, 91]
length(C_list) = 33
termination_sub = MathOptInterface.INFEASIBLE
iter = 2
[length(mis) for mis = unique(C_list)] = [11, 4, 5, 44, 3, 7, 4, 22, 4, 376, 5, 46, 4, 3, 17, 7, 6, 4, 5, 10, 3, 4, 4, 3, 5, 4, 6, 24, 3, 4, 4, 7, 96, 4, 4, 4, 21, 10, 5, 5, 4, 5, 21, 29, 4, 21, 5, 7, 206, 4, 5, 125, 4, 4, 5, 4, 6, 4, 4, 4, 4, 4, 4, 4, 46, 3, 4, 21, 10, 4, 5, 5, 4, 19, 15, 4, 4, 4, 4, 10, 8, 4, 40, 7, 10, 4, 4, 6, 4, 5, 67, 11, 121, 8, 4, 4, 231, 4, 7, 390, 387, 6, 332, 4, 4, 9, 6, 10, 4, 110, 4, 9, 4, 5, 92, 10, 4, 20, 213, 6, 3, 6, 10, 4, 4, 6]
length(C_list) = 33
termination_sub = MathOptInterface.INFEASIBLE
iter = 3
[length(mis) for mis = unique(C_list)] = [4, 7, 4, 4, 4, 10, 5, 5, 10, 4, 26, 4, 4, 5, 4, 104, 41, 107, 7, 3, 4, 4, 190, 37, 7, 474, 6, 8, 48, 5, 4, 5, 382, 26, 11, 3, 4, 4, 3, 5, 71, 309, 4, 6, 17, 4, 4, 28, 5, 12, 40, 4, 6, 4, 16, 10, 4, 131, 20, 106, 35, 5, 175, 8, 17, 11, 14, 4, 51, 92, 5, 5, 4, 4, 19, 4, 14, 28, 56, 21, 5, 21, 6, 86, 4, 112, 4, 20, 5, 12, 8, 8, 11, 5, 455, 4, 5, 4, 6, 7, 78, 6, 16, 9, 9, 6, 4, 4, 11, 8, 23, 5, 10, 4, 6, 4, 4, 4, 276, 4, 4, 12, 5, 19, 7, 4, 75, 4, 5, 4, 4]
length(C_list) = 33
termination_sub = MathOptInterface.INFEASIBLE
iter = 4
[length(mis) for mis = unique(C_list)] = [3, 3, 4, 4, 4, 10, 5, 5, 4, 5, 7, 7, 7, 32, 6, 21, 7, 15, 4, 18, 7, 19, 4, 4, 4, 26, 2, 11, 8, 5, 2, 7, 4, 57, 4, 7, 4, 3, 5, 26, 4, 4, 6, 3, 4, 14, 4, 10, 22, 5, 5, 5, 301, 173, 9, 4, 4, 17, 7, 5, 7, 3, 5, 253, 369, 8, 10, 7, 4, 4, 8, 19, 7, 4, 8, 4, 4, 3, 8, 24, 4, 13, 5, 4, 4, 60, 98, 160, 18, 4, 5, 4, 4, 4, 4, 4, 345, 4, 8, 10, 4, 3, 8, 26, 23, 19, 5, 3, 42, 5, 14, 216, 6, 5, 12, 298, 6, 12, 62, 4, 7, 5, 395, 4, 3, 4, 4, 4, 4, 338, 23]
length(C_list) = 33
termination_sub = MathOptInterface.INFEASIBLE
iter = 5
[length(mis) for mis = unique(C_list)] = [10, 6, 5, 4, 7, 4, 7, 8, 9, 6, 3, 10, 4, 4, 6, 3, 4, 4, 14, 8, 87, 670, 3, 18, 5, 4, 6, 204, 4, 6, 225, 5, 5, 3, 6, 5, 10, 4, 5, 4, 5, 4, 6, 6, 8, 298, 68, 309, 4, 4, 6, 6, 6, 4, 5, 74, 5, 8, 4, 5, 5, 7, 12, 26, 3, 4, 9, 4, 25, 4, 4, 5, 4, 7, 6, 5, 13, 6, 303, 5, 122, 6, 4, 4, 20, 5, 10, 4, 9, 5, 78, 10, 5, 6, 4, 13, 8, 6, 8, 58, 6, 3, 16, 5, 18, 7, 7, 6, 199, 5, 24, 84, 32, 7, 4, 9, 6, 315, 140, 10, 7, 5, 5, 16, 129, 6, 5, 5, 5, 5, 66, 10, 7]
length(C_list) = 33
termination_sub = MathOptInterface.INFEASIBLE
iter = 6
[length(mis) for mis = unique(C_list)] = [7, 17, 6, 3, 8, 4, 5, 5, 4, 6, 4, 8, 4, 5, 5, 4, 11, 15, 6, 23, 3, 4, 47, 146, 5, 3, 7, 19, 5, 21, 4, 6, 7, 4, 307, 4, 4, 5, 3, 16, 7, 4, 8, 6, 6, 43, 22, 5, 6, 6, 10, 22, 3, 7, 6, 4, 5, 10, 25, 6, 5, 4, 15, 3, 8, 4, 24, 6, 4, 4, 4, 29, 22, 6, 5, 8, 72, 30, 4, 7, 11, 5, 6, 4, 4, 6, 13, 3, 4, 5, 5, 18, 19, 44, 4, 8, 6, 4, 8, 15, 4, 325, 4, 9, 5, 6, 4, 7, 189, 6, 5, 6, 6, 3, 4, 12, 4, 3, 6, 4, 4, 3, 4, 4, 4, 16, 190, 5]
length(C_list) = 33
termination_sub = MathOptInterface.INFEASIBLE
iter = 7
[length(mis) for mis = unique(C_list)] = [9, 5, 5, 3, 4, 4, 8, 10, 4, 7, 4, 400, 4, 5, 21, 4, 7, 5, 4, 7, 4, 4, 5, 4, 4, 4, 6, 182, 16, 179, 14, 6, 16, 4, 5, 150, 7, 154, 6, 9, 8, 5, 8, 16, 9, 171, 5, 7, 233, 7, 6, 5, 48, 12, 11, 8, 6, 5, 32, 3, 29, 4, 5, 8, 5, 5, 12, 14, 6, 5, 17, 8, 6, 34, 4, 7, 5, 8, 5, 5, 6, 4, 5, 24, 26, 24, 5, 6, 112, 5, 4, 16, 5, 6, 8, 6, 5, 8, 86, 20, 5, 4, 5, 7, 244, 5, 30, 6, 4, 4, 9, 119, 5, 5, 5, 5, 5, 6, 8, 7, 5, 6, 19, 5, 7, 7, 168, 7, 5, 4, 137, 4, 26]
length(C_list) = 33
termination_sub = MathOptInterface.INFEASIBLE
iter = 8
[length(mis) for mis = unique(C_list)] = [4, 6, 5, 4, 5, 20, 5, 8, 4, 5, 4, 3, 6, 7, 4, 7, 4, 46, 5, 4, 183, 4, 5, 17, 5, 5, 3, 4, 14, 4, 9, 32, 7, 6, 5, 6, 3, 4, 6, 5, 4, 7, 7, 4, 16, 6, 4, 5, 5, 6, 3, 7, 12, 7, 8, 223, 5, 118, 11, 4, 29, 6, 5, 3, 3, 5, 5, 5, 5, 19, 4, 41, 5, 4, 4, 22, 4, 4, 7, 5, 14, 5, 4, 722, 5, 4, 6, 4, 8, 6, 11, 141, 15, 4, 134, 7, 5, 5, 117, 348, 6, 5, 8, 4, 9, 5, 5, 4, 6, 5, 6, 4, 11, 58, 4, 5, 71, 6, 15, 6, 4, 6, 7, 7, 10, 7, 4, 4, 6, 4, 5, 3, 4, 221, 5, 6, 462, 451]
length(C_list) = 33
termination_sub = MathOptInterface.INFEASIBLE
iter = 9
[length(mis) for mis = unique(C_list)] = [6, 3, 8, 6, 4, 4, 3, 5, 4, 5, 3, 144, 9, 16, 4, 4, 6, 90, 6, 8, 7, 6, 3, 4, 4, 4, 3, 31, 4, 4, 3, 12, 5, 11, 5, 15, 4, 139, 8, 7, 169, 9, 5, 5, 4, 7, 40, 133, 7, 25, 4, 13, 6, 8, 21, 8, 19, 6, 8, 6, 4, 5, 4, 8, 10, 4, 15, 4, 4, 4, 3, 5, 13, 6, 8, 7, 6, 38, 4, 8, 4, 25, 4, 190, 5, 5, 4, 4, 4, 8, 13, 4, 7, 6, 30, 4, 24, 7, 4, 4, 28, 186, 6, 9, 6, 6, 11, 5, 4, 6, 248, 4, 117, 11, 6, 7, 7, 4, 11, 3, 4, 17, 4, 8, 176, 4, 7, 4, 6, 6, 8, 7, 3, 5, 4, 12, 145, 4, 9, 5, 53, 5, 8, 43, 129, 8, 7, 14, 169, 3, 20, 5, 6, 5, 5, 6, 3, 5, 440, 4]
length(C_list) = 33
termination_sub = MathOptInterface.INFEASIBLE
iter = 10
[length(mis) for mis = unique(C_list)] = [8, 4, 5, 5, 6, 6, 4, 4, 5, 11, 14, 37, 180, 30, 6, 4, 9, 15, 11, 8, 6, 4, 3, 6, 5, 5, 4, 4, 5, 5, 3, 22, 5, 8, 9, 4, 14, 7, 14, 5, 6, 3, 5, 220, 5, 12, 5, 65, 4, 5, 38, 235, 11, 9, 10, 5, 12, 10, 4, 256, 4, 4, 8, 4, 4, 9, 11, 7, 6, 5, 4, 8, 10, 4, 5, 9, 81, 4, 6, 21, 6, 14, 5, 7, 4, 5, 6, 5, 5, 9, 5, 4, 9, 4, 4, 6, 4, 6, 4, 4, 5, 4, 7, 7, 302, 9, 4, 4, 65, 4, 4, 3, 34, 5, 4, 5, 5, 6, 29, 13, 7, 454, 6, 6, 4, 7, 67, 3, 6, 42, 15, 9, 11, 9, 5, 9, 6, 5, 4, 7, 7, 5, 4, 15, 286, 234, 3, 7, 3, 4, 5, 4, 6, 18, 5, 7, 8, 4]
length(C_list) = 33
termination_sub = MathOptInterface.INFEASIBLE
iter = 11
[length(mis) for mis = unique(C_list)] = [8, 8, 6, 3, 9, 8, 3, 75, 3, 6, 12, 7, 4, 4, 8, 6, 80, 4, 5, 14, 6, 22, 7, 26, 8, 4, 4, 43, 5, 67, 30, 6, 11, 87, 224, 32, 8, 5, 174, 5, 5, 289, 8, 5, 4, 311, 443, 6, 3, 8, 4, 53, 4, 10, 4, 11, 7, 143, 8, 5, 8, 9, 55, 6, 4, 5, 4, 27, 6, 356, 9, 5, 5, 10, 307, 5, 155, 6, 12, 6, 4, 76, 18, 3, 180, 22, 402, 4, 6, 119, 19, 4, 337, 3, 6, 6, 4, 6, 3, 5, 12, 5, 4, 16, 8, 4, 26, 22, 8, 6, 3, 4, 6, 4, 394, 6, 5, 114, 9, 5, 5, 10, 4]
length(C_list) = 33
termination_sub = MathOptInterface.INFEASIBLE
iter = 12
[length(mis) for mis = unique(C_list)] = [4, 7, 4, 9, 6, 5, 6, 4, 5, 6, 4, 36, 9, 5, 4, 4, 5, 197, 3, 15, 282, 6, 3, 4, 18, 4, 7, 233, 4, 183, 4, 11, 17, 4, 8, 35, 4, 4, 11, 10, 7, 7, 3, 4, 22, 21, 4, 13, 24, 15, 5, 23, 4, 6, 4, 6, 7, 19, 46, 95, 4, 4, 4, 5, 15, 5, 8, 292, 144, 26, 5, 30, 8, 4, 3, 8, 129, 16, 6, 6, 7, 6, 10, 3, 5, 6, 26, 6, 365, 7, 6, 8, 12, 15, 14, 247, 6, 5, 20, 16, 5, 152, 30, 57, 3, 21, 7, 22, 101, 3, 12, 48, 281, 91, 4, 4, 31, 45, 14, 60, 4, 56, 66, 6, 13, 23, 75, 14, 7, 10, 11, 6, 11, 328, 22, 5, 7, 5, 4, 5, 96, 20, 6, 6, 323, 166, 197, 5, 27, 31, 34, 3, 65, 4]
length(C_list) = 33
termination_sub = MathOptInterface.INFEASIBLE
iter = 13
[length(mis) for mis = unique(C_list)] = [18, 5, 7, 5, 6, 5, 6, 4, 6, 4, 13, 27, 15, 471, 36, 8, 17, 38, 6, 14, 4, 7, 4, 4, 30, 10, 8, 5, 5, 6, 8, 9, 29, 4, 78, 7, 5, 8, 5, 7, 8, 12, 63, 6, 8, 5, 11, 5, 6, 6, 91, 5, 160, 4, 5, 4, 22, 7, 13, 7, 5, 4, 19, 27, 7, 5, 5, 6, 205, 17, 25, 52, 15, 46, 36, 3, 15, 10, 189, 6, 16, 12, 21, 45, 17, 30, 46, 91, 8, 68, 5, 6, 6, 27, 6, 5, 11, 32, 4, 14, 331, 101, 15, 32, 5, 3, 12, 21, 10, 11, 23, 20, 16, 24, 7, 26, 5, 8, 5, 291, 214, 6, 4, 13, 9, 11, 9, 7, 10, 8, 25, 7, 26, 84, 129, 193, 44, 13, 5, 8, 8, 6, 4, 4, 143, 5, 7, 17, 33, 16, 6, 8, 12, 6, 281, 28, 36, 6, 5, 619, 5, 6, 163]
length(C_list) = 33
termination_sub = MathOptInterface.INFEASIBLE
iter = 14
[length(mis) for mis = unique(C_list)] = [7, 3, 7, 3, 4, 5, 4, 9, 13, 31, 15, 7, 33, 8, 142, 35, 14, 16, 4, 7, 10, 5, 7, 263, 3, 6, 6, 5, 5, 7, 5, 8, 6, 4, 3, 12, 427, 6, 22, 10, 6, 8, 11, 5, 13, 6, 22, 386, 4, 16, 68, 11, 6, 59, 64, 26, 9, 14, 3, 18, 19, 18, 35, 8, 9, 5, 32, 115, 432, 21, 5, 16, 3, 26, 23, 18, 37, 17, 29, 23, 51, 5, 13, 289, 7, 9, 22, 213, 15, 12, 121, 55, 5, 11, 7, 8, 7, 117, 5, 24, 3, 8, 4, 148, 9, 55, 5, 38, 11, 4, 25, 5, 6, 298, 53, 10, 36, 65, 5, 22, 8, 7, 22, 6, 9, 6, 16, 13, 138, 11, 6, 11, 45, 14, 4, 8, 4, 8, 60, 5, 7, 3, 6, 26, 16, 18, 158, 138, 10, 6]
length(C_list) = 33
termination_sub = MathOptInterface.INFEASIBLE
iter = 15
[length(mis) for mis = unique(C_list)] = [4, 6, 6, 10, 13, 4, 5, 6, 8, 30, 5, 9, 6, 5, 4, 4, 5, 71, 18, 5, 8, 7, 16, 4, 7, 4, 5, 7, 419, 5, 7, 8, 3, 4, 7, 7, 7, 7, 4, 8, 7, 3, 4, 7, 11, 9, 7, 4, 148, 9, 191, 4, 4, 103, 12, 363, 6, 57, 170, 6, 68, 4, 18, 27, 6, 12, 5, 4, 3, 6, 6, 24, 6, 4, 7, 13, 15, 6, 7, 4, 10, 5, 9, 6, 5, 6, 9, 59, 16, 12, 4, 4, 6, 4, 4, 5, 4, 39, 9, 8, 7, 5, 69, 9, 7, 3, 11, 7, 23, 6, 13, 77, 4, 221, 3, 61, 29, 13, 8, 6, 4, 18, 6, 4, 100, 41, 38, 7, 6, 7, 5, 13, 8, 3, 13, 3, 47, 8, 35, 16, 4, 9, 4, 24, 51, 5, 17, 5, 7, 6, 68, 104, 11]
length(C_list) = 33
termination_sub = MathOptInterface.INFEASIBLE
iter = 16
[length(mis) for mis = unique(C_list)] = [4, 4, 7, 4, 5, 4, 32, 5, 18, 4, 8, 10, 5, 4, 5, 5, 5, 4, 4, 5, 9, 3, 5, 4, 4, 4, 28, 5, 8, 4, 6, 5, 6, 10, 32, 10, 4, 4, 10, 7, 9, 19, 4, 105, 409, 5, 5, 7, 11, 10, 332, 7, 11, 25, 405, 7, 5, 9, 5, 404, 17, 178, 5, 10, 5, 7, 6, 3, 12, 4, 62, 6, 28, 6, 12, 4, 3, 4, 8, 257, 396, 6, 8, 55, 9, 5, 31, 34, 56, 26, 6, 5, 31, 7, 381, 20, 10, 35, 16, 5, 3, 10, 9, 9, 13, 4, 36, 7, 22, 4, 6, 187, 5, 8, 4, 349, 44, 4, 139, 14, 4, 4, 7, 46, 8, 3, 61, 21, 5, 21, 269, 10, 23, 4, 7, 192, 16, 13, 5, 12, 5, 20, 4, 7, 306, 5, 5, 53, 9, 7, 199, 59, 6, 8, 75, 151, 4, 10, 5]
length(C_list) = 33
termination_sub = MathOptInterface.INFEASIBLE
iter = 17
[length(mis) for mis = unique(C_list)] = [5, 5, 3, 10, 4, 4, 7, 5, 77, 11, 36, 26, 8, 38, 15, 40, 4, 480, 28, 12, 3, 85, 6, 154, 4, 4, 7, 223, 7, 12, 6, 4, 6, 54, 86, 5, 202, 15, 6, 10, 5, 5, 6, 7, 12, 5, 10, 4, 79, 12, 101, 105, 5, 21, 5, 9, 12, 4, 320, 8, 25, 18, 3, 29, 7, 10, 11, 209, 16, 101, 85, 16, 27, 9, 13, 5, 113, 66, 11, 251, 12, 316, 15, 17, 314, 22, 7, 23, 3, 78, 3, 7, 5, 13, 7, 6, 4, 29, 6, 195, 118, 10, 14, 15, 169, 88, 4, 4, 11, 19, 7, 22, 9, 23, 22, 5, 195, 5, 18, 21, 8, 45, 5, 5, 9, 23, 19, 6, 47, 4, 377, 43, 8, 12, 431, 13, 8, 6, 46, 7, 7, 20, 159, 4, 5, 6, 4, 3, 5, 34, 4, 27, 56, 6, 10, 13, 4, 5, 181, 13, 162, 8, 4, 7, 5, 5, 160, 7, 212]
length(C_list) = 33
termination_sub = MathOptInterface.INFEASIBLE
iter = 18
[length(mis) for mis = unique(C_list)] = [2, 6, 4, 4, 4, 4, 9, 5, 62, 7, 613, 4, 3, 11, 11, 11, 21, 4, 18, 230, 7, 8, 9, 4, 9, 14, 4, 3, 14, 4, 4, 7, 7, 14, 10, 110, 6, 13, 5, 54, 4, 7, 4, 33, 20, 6, 14, 9, 12, 450, 16, 22, 281, 7, 4, 22, 177, 5, 149, 39, 33, 4, 7, 8, 5, 19, 35, 8, 288, 369, 11, 10, 39, 10, 24, 92, 11, 15, 10, 3, 6, 6, 4, 49, 17, 10, 19, 5, 9, 18, 4, 94, 14, 25, 134, 132, 10, 6, 114, 29, 7, 43, 23, 12, 7, 24, 27, 27, 6, 8, 48, 211, 12, 159, 18, 22, 3, 7, 108, 71, 9, 11, 162, 28, 21, 4, 198, 4, 11, 7, 148, 11, 271, 6, 4, 4, 85, 7, 115, 4, 76, 7, 42, 6, 51, 4, 12, 30, 75, 22, 16, 37, 5, 11, 9, 253, 13, 4, 12]
length(C_list) = 33
termination_sub = MathOptInterface.INFEASIBLE
iter = 19
[length(mis) for mis = unique(C_list)] = [5, 5, 6, 35, 5, 3, 10, 5, 7, 10, 6, 8, 6, 11, 18, 7, 11, 39, 123, 8, 5, 12, 5, 8, 6, 393, 5, 8, 14, 11, 314, 11, 3, 43, 10, 8, 14, 6, 4, 11, 58, 37, 4, 140, 365, 4, 6, 9, 370, 13, 10, 39, 4, 5, 7, 6, 6, 4, 115, 21, 35, 10, 6, 6, 197, 4, 9, 30, 123, 29, 27, 8, 4, 6, 11, 3, 331, 26, 7, 5, 4, 4, 8, 4, 6, 7, 5, 5, 7, 9, 16, 26, 22, 101, 31, 8, 7, 17, 8, 6, 6, 29, 62, 6, 5, 7, 3, 32, 5, 8, 54, 5, 6, 13, 26, 8, 13, 64, 182, 52, 5, 9, 6, 234, 4, 7, 54, 7, 5, 14, 9, 24, 333, 16, 12, 16, 181, 8, 10, 3, 10, 49, 11, 9, 15, 9, 21, 649, 7, 27, 20, 408, 8, 4, 16, 159, 8, 97, 5, 171, 7, 4]
length(C_list) = 33
termination_sub = MathOptInterface.INFEASIBLE
iter = 20
[length(mis) for mis = unique(C_list)] = [7, 4, 5, 242, 4, 4, 12, 38, 17, 11, 11, 5, 28, 19, 10, 4, 4, 5, 71, 5, 13, 5, 299, 7, 353, 5, 4, 412, 3, 9, 5, 4, 7, 5, 232, 7, 5, 9, 5, 12, 16, 4, 4, 4, 7, 9, 87, 7, 87, 9, 5, 9, 308, 477, 125, 13, 151, 7, 79, 19, 27, 3, 6, 10, 5, 4, 170, 43, 4, 26, 34, 5, 4, 9, 8, 6, 24, 13, 12, 6, 9, 6, 3, 6, 4, 4, 5, 172, 7, 17, 67, 12, 203, 194, 16, 11, 7, 48, 59, 8, 15, 24, 5, 5, 4, 9, 37, 98, 486, 12, 4, 6, 61, 11, 32, 51, 6, 7, 4, 28, 7, 35, 7, 4, 35, 6, 7, 17, 11, 11, 14, 7, 33, 5, 3, 4, 4, 6, 4, 15, 4, 18, 4, 155, 371, 5, 4, 58, 10, 5, 7, 7, 4, 8, 92]
length(C_list) = 33
termination_sub = MathOptInterface.INFEASIBLE
iter = 21
[length(mis) for mis = unique(C_list)] = [8, 15, 7, 4, 6, 7, 38, 10, 3, 67, 15, 39, 15, 11, 40, 53, 17, 42, 9, 13, 21, 6, 5, 21, 7, 4, 6, 5, 5, 278, 4, 6, 218, 6, 7, 4, 97, 14, 9, 116, 13, 4, 12, 7, 6, 5, 4, 6, 7, 4, 8, 101, 5, 68, 4, 29, 24, 7, 431, 13, 9, 403, 7, 156, 92, 27, 6, 7, 6, 70, 14, 22, 19, 16, 32, 148, 5, 13, 16, 4, 27, 12, 18, 32, 22, 22, 33, 218, 6, 24, 87, 10, 8, 5, 18, 6, 4, 9, 10, 7, 20, 12, 18, 16, 5, 88, 16, 124, 220, 15, 7, 27, 13, 581, 12, 6, 141, 7, 23, 7, 8, 71, 45, 4, 6, 5, 10, 24, 8, 69, 12, 4, 4, 5, 5, 23, 6, 8, 21, 6, 9, 19, 204, 97, 238, 181, 7, 4, 16, 6, 6, 4, 5, 5, 17, 154, 15, 39, 5, 256, 301, 26, 5, 9, 265, 7, 272, 6, 213]
length(C_list) = 33
termination_sub = MathOptInterface.INFEASIBLE
iter = 22
[length(mis) for mis = unique(C_list)] = [9, 7, 5, 4, 3, 4, 5, 20, 9, 10, 11, 6, 5, 11, 6, 218, 3, 14, 4, 6, 6, 3, 12, 4, 4, 8, 7, 6, 5, 13, 17, 12, 5, 7, 15, 112, 197, 5, 9, 130, 7, 4, 9, 7, 10, 62, 215, 7, 74, 4, 7, 27, 18, 8, 5, 5, 83, 13, 70, 66, 29, 6, 7, 224, 6, 3, 4, 4, 3, 416, 20, 37, 5, 15, 6, 46, 12, 29, 25, 25, 5, 9, 5, 6, 4, 4, 6, 4, 43, 10, 5, 51, 241, 6, 20, 44, 15, 32, 20, 21, 13, 8, 30, 5, 4, 31, 5, 10, 4, 51, 7, 4, 23, 21, 8, 194, 5, 51, 39, 7, 5, 12, 6, 56, 12, 6, 6, 4, 5, 7, 4, 8, 13, 7, 14, 259, 9, 7, 26, 6, 17, 31, 6, 173, 21, 5, 22, 3, 25, 6, 3, 4, 28, 5, 4, 119, 5, 5, 4, 285]
length(C_list) = 33
termination_sub = MathOptInterface.INFEASIBLE
iter = 23
[length(mis) for mis = unique(C_list)] = [11, 12, 6, 7, 6, 4, 3, 4, 4, 13, 11, 419, 13, 7, 19, 15, 30, 12, 281, 17, 4, 10, 8, 4, 4, 22, 6, 10, 4, 8, 7, 30, 4, 10, 291, 5, 5, 11, 15, 6, 7, 177, 20, 113, 75, 4, 5, 67, 6, 5, 3, 6, 33, 4, 5, 24, 4, 6, 11, 28, 87, 6, 17, 27, 11, 276, 14, 5, 6, 13, 31, 3, 17, 26, 7, 13, 4, 4, 11, 19, 5, 10, 16, 32, 15, 8, 7, 4, 10, 5, 6, 28, 5, 135, 9, 4, 14, 8, 12, 26, 28, 17, 4, 441, 4, 355, 5, 17, 422, 25, 5, 24, 5, 18, 10, 63, 32, 11, 171, 9, 120, 13, 89, 51, 201, 4, 13, 30, 22, 11, 378, 23, 67, 54, 11, 7, 21, 6, 220, 61, 11, 7, 10, 14, 189, 10, 4, 18, 3, 10, 4, 14, 432, 25, 25, 29, 8, 8, 7, 4, 26, 4, 297]
length(C_list) = 33
termination_sub = MathOptInterface.INFEASIBLE
iter = 24
[length(mis) for mis = unique(C_list)] = [9, 10, 8, 9, 5, 7, 8, 4, 8, 8, 10, 10, 13, 3, 11, 5, 4, 46, 10, 7, 6, 6, 10, 8, 8, 4, 10, 4, 9, 6, 4, 8, 4, 4, 7, 6, 21, 4, 5, 11, 11, 3, 16, 344, 3, 8, 12, 13, 4, 5, 10, 4, 4, 7, 13, 442, 16, 4, 35, 6, 28, 3, 232, 4, 5, 11, 5, 7, 5, 101, 12, 7, 13, 6, 13, 62, 24, 68, 8, 12, 105, 3, 7, 20, 18, 31, 23, 7, 6, 12, 6, 4, 8, 8, 5, 7, 23, 11, 6, 35, 4, 20, 5, 62, 20, 23, 3, 7, 6, 5, 7, 29, 5, 27, 22, 4, 126, 27, 7, 34, 5, 9, 4, 16, 9, 205, 12, 7, 5, 311, 54, 13, 9, 6, 27, 5, 27, 255, 40, 15, 154, 8, 27, 6, 100, 9, 8, 8, 8, 29, 40, 21, 19, 103, 8, 10, 231, 16, 283, 4, 29, 11, 4, 9, 10, 4, 14, 5]
length(C_list) = 33
termination_sub = MathOptInterface.INFEASIBLE
iter = 25
[length(mis) for mis = unique(C_list)] = [26, 4, 6, 4, 7, 166, 111, 4, 6, 21, 6, 44, 11, 4, 10, 25, 76, 5, 22, 6, 9, 7, 5, 5, 6, 7, 49, 6, 7, 503, 7, 4, 5, 6, 6, 5, 78, 3, 8, 5, 5, 117, 4, 20, 4, 6, 4, 12, 5, 113, 209, 5, 145, 11, 10, 11, 357, 4, 7, 169, 139, 6, 317, 4, 8, 59, 37, 31, 29, 3, 7, 344, 246, 4, 48, 23, 34, 4, 24, 84, 8, 27, 6, 143, 18, 35, 187, 15, 32, 25, 35, 31, 394, 81, 31, 6, 6, 4, 38, 8, 5, 5, 17, 107, 3, 28, 7, 21, 135, 25, 6, 4, 5, 10, 4, 28, 165, 27, 9, 82, 8, 7, 35, 8, 51, 5, 5, 29, 15, 5, 4, 6, 6, 14, 47, 18, 13, 46, 21, 7, 24, 8, 27, 11, 17, 58, 20, 32, 13, 6, 5, 4, 7, 5, 4, 10, 3, 36, 4, 30, 9, 11, 6, 20, 5, 3, 31, 163, 6, 360, 8, 8]
length(C_list) = 33
termination_sub = MathOptInterface.INFEASIBLE
iter = 26
[length(mis) for mis = unique(C_list)] = [8, 8, 5, 3, 11, 55, 4, 6, 11, 22, 13, 10, 21, 8, 81, 23, 136, 13, 4, 101, 42, 7, 3, 27, 9, 4, 4, 8, 7, 4, 90, 3, 7, 5, 11, 3, 5, 210, 22, 8, 5, 13, 5, 4, 66, 8, 66, 4, 10, 386, 27, 11, 7, 6, 5, 44, 44, 3, 8, 32, 11, 28, 14, 51, 9, 271, 15, 128, 13, 245, 31, 8, 8, 5, 19, 15, 24, 17, 9, 4, 41, 4, 30, 5, 6, 9, 3, 10, 370, 4, 32, 15, 15, 19, 8, 26, 7, 10, 21, 5, 27, 6, 9, 5, 20, 46, 16, 47, 117, 9, 4, 4, 6, 21, 5, 5, 57, 13, 4, 13, 22, 8, 180, 23, 7, 19, 9, 11, 23, 5, 4, 64, 5, 4, 9, 4, 45, 11, 12, 11, 4, 284, 27, 4, 5, 7, 6, 4]
length(C_list) = 33
termination_sub = MathOptInterface.INFEASIBLE
iter = 27
[length(mis) for mis = unique(C_list)] = [11, 4, 14, 7, 4, 5, 8, 10, 7, 4, 5, 7, 18, 6, 4, 4, 8, 12, 4, 4, 9, 12, 4, 6, 4, 6, 37, 8, 46, 6, 10, 4, 3, 4, 10, 81, 7, 17, 8, 5, 4, 6, 4, 334, 4, 4, 55, 12, 10, 6, 26, 6, 23, 9, 10, 3, 3, 125, 52, 34, 52, 31, 6, 9, 5, 6, 5, 9, 10, 24, 25, 4, 4, 4, 5, 249, 8, 5, 15, 21, 5, 9, 6, 27, 3, 9, 12, 23, 6, 182, 7, 27, 310, 12, 14, 286, 4, 6, 116, 6, 4, 18, 154, 27, 4, 32, 17, 4, 27, 7, 90, 6, 8, 73, 306, 6, 12, 71, 4, 34, 44, 7, 7, 4, 163, 6, 5, 4, 7, 10, 29, 140, 4, 3, 66, 7, 26, 10, 6, 213, 36, 6, 18, 53, 4, 13, 147, 31, 4, 4, 4, 12, 6, 8, 200, 7]
length(C_list) = 33
termination_sub = MathOptInterface.INFEASIBLE
iter = 28
[length(mis) for mis = unique(C_list)] = [8, 10, 6, 53, 6, 4, 4, 3, 4, 13, 4, 4, 12, 15, 14, 114, 6, 107, 128, 16, 10, 292, 6, 42, 233, 6, 5, 298, 12, 4, 13, 4, 5, 3, 56, 9, 8, 4, 19, 4, 4, 6, 25, 8, 310, 7, 10, 333, 8, 45, 44, 37, 14, 82, 258, 70, 4, 391, 357, 34, 10, 5, 4, 4, 10, 5, 13, 21, 5, 6, 22, 148, 4, 4, 18, 6, 11, 9, 71, 4, 26, 12, 53, 19, 62, 4, 4, 6, 23, 31, 28, 8, 16, 40, 5, 9, 44, 7, 11, 24, 5, 6, 4, 42, 11, 5, 9, 4, 6, 267, 11, 21, 5, 12, 6, 459, 14, 23, 7, 27, 8, 5, 424, 7, 14, 52, 7, 7, 32, 7]
length(C_list) = 33
termination_sub = MathOptInterface.INFEASIBLE
iter = 29
[length(mis) for mis = unique(C_list)] = [5, 8, 4, 6, 5, 5, 4, 6, 8, 4, 6, 83, 9, 4, 6, 7, 19, 8, 12, 11, 7, 4, 181, 6, 74, 5, 6, 7, 13, 136, 4, 69, 13, 7, 9, 19, 8, 18, 4, 7, 72, 3, 4, 6, 5, 8, 15, 5, 7, 123, 12, 20, 5, 37, 61, 5, 52, 21, 286, 8, 5, 12, 9, 5, 34, 3, 8, 112, 35, 10, 5, 8, 215, 9, 32, 7, 6, 3, 3, 8, 10, 7, 8, 38, 129, 11, 26, 25, 9, 64, 13, 7, 293, 13, 19, 14, 10, 6, 7, 4, 16, 7, 40, 30, 98, 5, 56, 81, 7, 43, 7, 8, 64, 14, 20, 18, 7, 3, 50, 7, 4, 63, 14, 4, 5, 4, 218, 132, 4, 23, 8, 120, 20, 18, 11, 6, 7, 98, 106, 12, 341, 20, 3, 6, 7, 8, 3, 26, 12, 8, 21, 7, 465, 27, 8, 8, 4, 66, 7, 16, 7]
length(C_list) = 33
termination_sub = MathOptInterface.INFEASIBLE
iter = 30
[length(mis) for mis = unique(C_list)] = [4, 14, 4, 8, 5, 5, 30, 9, 7, 15, 5, 18, 5, 6, 4, 219, 57, 19, 57, 255, 12, 4, 6, 4, 9, 8, 5, 9, 4, 4, 12, 6, 6, 7, 4, 10, 91, 3, 16, 11, 14, 4, 10, 12, 4, 345, 4, 14, 4, 12, 5, 21, 6, 6, 4, 24, 74, 25, 26, 11, 11, 4, 6, 10, 19, 5, 5, 8, 4, 116, 24, 12, 17, 31, 16, 53, 20, 10, 15, 473, 184, 10, 7, 87, 13, 9, 4, 4, 15, 10, 22, 27, 4, 4, 9, 22, 193, 23, 26, 23, 10, 16, 22, 7, 290, 9, 55, 51, 208, 12, 14, 5, 9, 129, 7, 5, 38, 156, 14, 12, 4, 21, 98, 7, 183, 20, 143, 4, 17, 4, 7, 69, 10, 4, 25, 16, 13, 22, 50, 10, 5, 162, 59, 5, 5, 14, 4, 64, 12, 7, 12]
length(C_list) = 33
termination_sub = MathOptInterface.INFEASIBLE
iter = 31
[length(mis) for mis = unique(C_list)] = [4, 3, 6, 10, 13, 8, 26, 4, 7, 10, 7, 5, 9, 6, 254, 4, 8, 84, 7, 6, 238, 4, 4, 10, 3, 19, 355, 3, 263, 5, 85, 218, 11, 11, 9, 7, 10, 10, 10, 8, 14, 5, 13, 9, 7, 10, 4, 17, 14, 4, 23, 15, 8, 3, 8, 5, 22, 18, 32, 3, 16, 12, 5, 37, 59, 9, 8, 22, 32, 4, 54, 182, 7, 8, 3, 10, 9, 14, 93, 12, 89, 90, 19, 6, 9, 65, 8, 38, 215, 8, 4, 17, 6, 65, 14, 3, 10, 51, 41, 14, 95, 13, 15, 7, 7, 377, 10, 23, 80, 3, 9, 23, 9, 3, 47, 12, 8, 42, 11, 5, 9, 23, 5, 10, 4, 5, 190, 39, 7, 7, 9, 6, 8, 5, 6, 6, 4, 562, 32, 9, 38, 13, 9, 6, 205, 5, 71, 427, 17, 14, 7, 16, 93, 7, 10, 117, 4, 60, 137, 10, 15, 21, 8, 3]
length(C_list) = 33
termination_sub = MathOptInterface.INFEASIBLE
iter = 32
[length(mis) for mis = unique(C_list)] = [6, 4, 10, 10, 5, 4, 31, 144, 10, 11, 5, 18, 3, 6, 5, 9, 92, 4, 34, 6, 7, 36, 68, 5, 127, 4, 6, 10, 6, 6, 8, 4, 6, 21, 4, 10, 7, 13, 19, 131, 46, 241, 7, 4, 3, 7, 5, 112, 178, 5, 7, 5, 8, 28, 183, 10, 3, 6, 8, 17, 26, 6, 395, 4, 70, 6, 291, 8, 8, 66, 6, 8, 7, 11, 8, 11, 28, 12, 3, 7, 6, 22, 6, 8, 5, 7, 26, 5, 41, 8, 12, 56, 16, 4, 13, 15, 15, 22, 235, 4, 7, 24, 28, 28, 24, 28, 6, 7, 112, 169, 24, 22, 7, 8, 42, 5, 12, 26, 181, 5, 11, 23, 165, 40, 56, 8, 9, 24, 24, 66, 23, 4, 10, 96, 14, 12, 7, 34, 167, 5, 9, 8, 14, 7, 18, 5, 8, 16, 9, 4, 6, 5, 31, 34, 9, 10, 93, 11, 3, 7]
length(C_list) = 33
termination_sub = MathOptInterface.INFEASIBLE
iter = 33
[length(mis) for mis = unique(C_list)] = [8, 10, 8, 5, 4, 7, 148, 5, 8, 14, 26, 16, 18, 25, 7, 17, 27, 15, 31, 18, 7, 15, 186, 7, 9, 5, 4, 11, 5, 10, 11, 5, 8, 12, 37, 11, 9, 275, 14, 4, 78, 21, 13, 4, 5, 5, 239, 285, 11, 466, 4, 3, 7, 6, 26, 6, 13, 5, 11, 16, 5, 42, 42, 25, 7, 12, 249, 203, 13, 13, 27, 15, 32, 13, 42, 25, 12, 15, 36, 4, 10, 5, 25, 17, 37, 17, 5, 36, 4, 9, 3, 9, 12, 22, 19, 7, 12, 126, 407, 112, 109, 6, 10, 4, 4, 24, 13, 23, 7, 8, 23, 696, 7, 20, 11, 39, 53, 5, 11, 74, 32, 3, 3, 6, 8, 50, 9, 10, 11, 173, 51, 255, 72, 5, 23, 12, 9, 7, 223, 24, 9, 47, 30, 235, 6, 209, 4, 52, 6, 28, 212, 7, 19, 5, 21, 4, 258, 32, 11, 6, 142, 4, 5, 6, 5, 10]
length(C_list) = 33
termination_sub = MathOptInterface.INFEASIBLE
iter = 34
[length(mis) for mis = unique(C_list)] = [3, 7, 7, 11, 4, 4, 13, 14, 14, 10, 4, 11, 53, 18, 7, 12, 13, 13, 40, 4, 9, 261, 14, 10, 4, 8, 8, 30, 6, 4, 4, 12, 76, 10, 4, 6, 8, 10, 186, 6, 12, 13, 13, 4, 273, 4, 27, 5, 13, 15, 10, 6, 20, 6, 18, 19, 12, 4, 131, 14, 10, 22, 9, 6, 6, 15, 4, 33, 35, 23, 19, 3, 8, 7, 13, 3, 36, 21, 23, 8, 7, 81, 4, 30, 10, 7, 24, 9, 7, 8, 8, 24, 319, 18, 7, 8, 21, 146, 5, 8, 6, 6, 15, 10, 14, 17, 10, 9, 27, 68, 28, 7, 27, 25, 28, 7, 13, 18, 4, 7, 53, 5, 337, 7, 3, 137, 23, 7, 92, 49, 301, 5, 8, 9, 8, 12, 5, 6, 83, 26, 9, 9, 11, 6, 6, 3, 53, 6, 6, 7, 11, 21, 8, 10, 9, 6, 4, 4, 4, 6, 8, 14, 7, 8, 7, 8]
length(C_list) = 33
termination_sub = MathOptInterface.INFEASIBLE
iter = 35
[length(mis) for mis = unique(C_list)] = [3, 10, 3, 22, 5, 10, 224, 4, 5, 15, 80, 17, 11, 27, 26, 27, 5, 15, 27, 4, 446, 108, 6, 7, 6, 5, 5, 96, 540, 6, 29, 6, 8, 191, 6, 115, 4, 6, 14, 6, 5, 11, 79, 8, 6, 4, 4, 4, 7, 11, 7, 6, 4, 33, 4, 187, 72, 3, 170, 6, 20, 18, 34, 6, 5, 4, 127, 15, 44, 7, 17, 52, 4, 16, 30, 7, 17, 156, 8, 4, 12, 23, 22, 30, 55, 20, 262, 6, 7, 242, 7, 6, 25, 56, 11, 108, 18, 19, 18, 251, 18, 19, 84, 389, 406, 7, 5, 15, 4, 28, 7, 29, 5, 7, 9, 125, 51, 11, 13, 40, 75, 3, 3, 7, 4, 48, 23, 11, 7, 6, 4, 4, 7, 7, 9, 13, 23, 62, 7, 6, 26, 4, 5, 106, 4, 10, 5, 5, 8, 7, 58, 22, 4, 7, 9, 16, 7, 9, 12, 6, 5, 22, 52, 24, 98, 5]
length(C_list) = 33
termination_sub = MathOptInterface.INFEASIBLE
iter = 36
[length(mis) for mis = unique(C_list)] = [21, 11, 11, 10, 3, 6, 12, 5, 3, 24, 7, 20, 8, 9, 4, 6, 8, 5, 15, 3, 69, 14, 348, 12, 283, 10, 8, 7, 4, 5, 11, 6, 8, 244, 13, 7, 3, 237, 16, 10, 5, 4, 4, 33, 35, 209, 12, 9, 7, 5, 21, 4, 7, 6, 9, 54, 15, 19, 19, 28, 6, 23, 8, 6, 81, 6, 12, 8, 3, 58, 14, 10, 9, 8, 18, 6, 21, 5, 42, 7, 10, 6, 15, 19, 9, 9, 8, 5, 12, 7, 5, 63, 19, 9, 12, 276, 259, 17, 7, 7, 20, 136, 39, 16, 31, 7, 16, 31, 90, 10, 27, 8, 50, 10, 24, 30, 9, 5, 5, 48, 209, 12, 139, 4, 9, 20, 5, 60, 32, 13, 158, 40, 11, 11, 6, 235, 6, 132, 8, 8, 7, 66, 13, 20, 60, 8, 29, 6, 14, 27, 5, 209, 22, 25, 6, 6, 11, 7, 15, 8, 6, 26]
length(C_list) = 33
termination_sub = MathOptInterface.INFEASIBLE
iter = 37
[length(mis) for mis = unique(C_list)] = [4, 12, 7, 6, 8, 10, 6, 8, 22, 29, 18, 11, 33, 8, 121, 33, 13, 100, 14, 6, 4, 5, 4, 7, 9, 5, 82, 10, 6, 8, 7, 5, 4, 6, 11, 10, 5, 90, 6, 7, 16, 4, 57, 7, 11, 8, 11, 7, 3, 90, 30, 5, 14, 27, 6, 160, 9, 32, 44, 30, 3, 4, 7, 131, 17, 18, 364, 28, 5, 12, 38, 17, 19, 24, 3, 14, 262, 28, 4, 20, 30, 105, 9, 6, 21, 38, 4, 4, 38, 10, 5, 12, 7, 15, 17, 325, 30, 18, 7, 23, 3, 6, 26, 15, 27, 24, 72, 29, 8, 7, 23, 55, 82, 56, 12, 217, 5, 11, 9, 4, 6, 51, 12, 230, 8, 9, 31, 3, 31, 6, 32, 22, 14, 8, 9, 16, 28, 8, 10, 5, 4, 19, 9, 6, 20, 93, 18, 19, 4, 101, 6, 19, 383, 22, 33, 43, 36, 38, 8, 34, 6, 22, 12, 21]
length(C_list) = 33
termination_sub = MathOptInterface.INFEASIBLE
iter = 38
[length(mis) for mis = unique(C_list)] = [3, 7, 6, 3, 293, 4, 4, 31, 7, 13, 28, 15, 10, 32, 6, 28, 32, 6, 14, 14, 5, 4, 162, 10, 5, 11, 4, 5, 11, 12, 619, 6, 7, 5, 129, 13, 5, 4, 10, 15, 12, 7, 6, 6, 8, 23, 40, 142, 5, 8, 20, 7, 16, 12, 41, 5, 14, 13, 9, 232, 5, 48, 198, 355, 5, 15, 79, 6, 92, 17, 15, 29, 10, 5, 27, 14, 16, 5, 18, 9, 10, 20, 21, 4, 17, 29, 23, 17, 3, 29, 58, 6, 45, 4, 6, 9, 14, 35, 37, 9, 12, 16, 37, 40, 5, 7, 7, 5, 36, 13, 23, 9, 26, 76, 104, 23, 12, 20, 4, 85, 62, 6, 19, 14, 9, 8, 172, 12, 71, 46, 11, 6, 5, 7, 23, 6, 18, 25, 9, 9, 35, 141, 11, 9, 75, 343, 74, 6, 76, 76, 8, 80, 4, 10, 74, 4, 26, 8, 4, 7, 12, 5, 28, 36, 6, 73, 27, 8, 10, 10]
length(C_list) = 33
termination_sub = MathOptInterface.INFEASIBLE
iter = 39
[length(mis) for mis = unique(C_list)] = [8, 8, 14, 9, 8, 8, 10, 17, 188, 19, 420, 9, 8, 32, 8, 6, 388, 6, 11, 3, 4, 13, 324, 7, 6, 4, 4, 4, 10, 4, 18, 4, 9, 6, 4, 224, 10, 6, 16, 5, 3, 3, 7, 7, 3, 8, 11, 12, 11, 8, 7, 9, 8, 7, 12, 6, 32, 5, 20, 17, 10, 15, 4, 236, 25, 30, 8, 194, 8, 6, 5, 17, 158, 31, 87, 25, 29, 5, 54, 5, 21, 31, 6, 15, 6, 33, 24, 21, 68, 22, 20, 556, 34, 7, 75, 4, 4, 9, 4, 5, 118, 6, 44, 16, 20, 19, 82, 6, 8, 184, 8, 15, 241, 31, 24, 31, 106, 108, 7, 4, 36, 8, 8, 47, 9, 29, 276, 358, 9, 8, 11, 7, 45, 47, 8, 3, 6, 18, 29, 187, 10, 29, 193, 342, 20, 16, 25, 192, 79, 32, 313, 79, 137, 14, 193, 21, 80, 192, 27, 13, 249, 193, 288, 12, 8, 31, 14, 8, 48, 5, 38, 5, 516]
length(C_list) = 33
termination_sub = MathOptInterface.INFEASIBLE
iter = 40
termination = MathOptInterface.INFEASIBLE
objective_value = 0.03236897160200819
