┌ Warning: flux through non-zero reactions is thermo feasible
└ @ Main ~/git/Loopless_Fluxes_with_Mixed_Integer_Optimization/src/cuts_decomposition.jl:539
┌ Warning: flux through non-zero reactions is thermo feasible
└ @ Main ~/git/Loopless_Fluxes_with_Mixed_Integer_Optimization/src/cuts_decomposition.jl:539
┌ Warning: master problem cannot be solved
└ @ Main ~/git/Loopless_Fluxes_with_Mixed_Integer_Optimization/src/cuts_decomposition.jl:486
ENV["GRB_LICENSE_FILE"] = "/home/htc/htroppen/gurobi.lic"
iLB1027_lipid
(time_limit, fast, json, yeast) = (1800, true, true, false)
fast = true

iLB1027_lipid
----------------------------------
number of metabolites : 2172
number of reactions : 4456
number of genes : 1027

MOI.get(master_problem, MOI.RawOptimizerAttribute("numerics/feastol")) = 1.0e-6
multiple_mis = 89
max_cuts = 67
(indicator, big_m) = (true, false)
INDICATOR ADDED
model with 4456 flux variables and 8868 variables in total
master problem solved
feasible = false
[length(mis) for mis = unique(C_list)] = [3, 3, 19, 3, 4, 6, 3, 423, 3, 15, 126, 21, 3, 24, 38, 34, 10, 4, 24, 35, 4, 36, 34, 4, 19, 15, 29, 46, 10, 134, 282, 4, 71, 4, 15, 18, 13, 3, 16, 10, 6]
length(C_list) = 41
sub problem solved
iter = 1
[length(mis) for mis = unique(C_list)] = [6, 3, 3, 4, 4, 3, 6, 4, 3, 6, 5, 9, 217, 5, 5, 25, 4, 13, 7, 7, 10, 4, 6, 6, 119]
length(C_list) = 25
termination_sub = MathOptInterface.INFEASIBLE
iter = 2
[length(mis) for mis = unique(C_list)] = [3, 7, 62, 158, 4, 4]
length(C_list) = 6
termination_sub = MathOptInterface.INFEASIBLE
iter = 3
[length(mis) for mis = unique(C_list)] = [3, 4, 20, 4, 4, 9, 4, 13, 5, 4, 4, 8, 151, 10, 4, 5, 3, 4, 79, 4, 4, 4, 4, 28, 14, 12, 15, 503, 532, 15, 31, 4, 5, 3, 186, 10, 4, 4, 10, 4, 4, 73, 32, 139, 6, 7, 7, 4, 6, 65, 20, 4, 8, 11, 4, 6, 4, 199, 9, 4, 75, 5, 6, 7, 4, 25, 6, 384, 6]
length(C_list) = 67
termination_sub = MathOptInterface.INFEASIBLE
iter = 4
termination_master = MathOptInterface.TIME_LIMIT
BoundsError((missing, Any[0.35960670777573717, 0.35960670777581755, 0.3596067077755962, 0.3596067077757216], Any[0.35960670777573717, 0.35960670777581755, 0.3596067077755962, 0.3596067077757216], missing, missing, missing, missing, missing, 1800.022481918335, MathOptInterface.INFEASIBLE, 4, Any[(Any[], Any[4188, 4293, 4301], 3), (Any[31], Any[59, 60], 3), (Any[9, 58], Any[60], 3), (Any[3596, 3600], Any[3650], 3), (Any[4006, 4372], Any[4345], 3), (Any[3577, 3601], Any[3650], 3), (Any[9, 83], Any[88], 3), (Any[3684, 4006, 4372], Any[4345], 4), (Any[3596, 3600], Any[911, 3650], 4), (Any[9], Any[30, 59, 60], 4), (Any[9, 83], Any[60, 84], 4), (Any[402, 4006, 4372], Any[4345], 4), (Any[4006, 4372], Any[20, 4345], 4), (Any[6, 3873, 3902, 3980], Any[353, 3978], 6), (Any[31, 86, 365, 3483, 3495], Any[88], 6), (Any[337, 3900, 3919, 3943, 4056, 4353, 4392], Any[25, 388, 3937], 10), (Any[945, 1405, 2556, 3859, 3866, 4006, 4372, 4409], Any[4167, 4345], 10), (Any[31, 86, 149, 393, 476, 1529, 2371, 3140, 3702], Any[88], 10), (Any[81, 110, 112, 337, 3736, 3900, 3919, 3943, 4056, 4392], Any[25, 388, 3937], 13), (Any[14, 16, 337, 3900, 3919, 3943, 4056, 4265, 4284, 4390, 4392], Any[25, 388, 3937, 4038], 15), (Any[48, 49, 337, 3900, 3919, 3943, 4056, 4265, 4284, 4390, 4392], Any[25, 388, 3937, 4038], 15), (Any[78, 337, 3606, 3900, 3919, 3943, 4056, 4265, 4284, 4390, 4392], Any[25, 388, 3937, 4038], 15), (Any[85, 91, 337, 3762, 3900, 3919, 3943, 4056, 4265, 4284, 4390, 4392], Any[25, 388, 3937, 4038], 16), (Any[79, 243, 337, 3572, 3617, 3900, 3919, 3943, 4056, 4131, 4265, 4284, 4390, 4392], Any[25, 388, 3937, 4038], 18), (Any[3, 9, 57, 58, 68, 337, 3336, 3900, 3919, 3943, 4056, 4265, 4284, 4390, 4392, 4406], Any[25, 388, 3937], 19), (Any[45, 243, 337, 338, 1441, 1674, 3900, 3919, 3943, 4056, 4131, 4265, 4284, 4390, 4392], Any[25, 388, 3937, 4038], 19), (Any[17, 243, 311, 337, 338, 3615, 3632, 3662, 3900, 3919, 3943, 4056, 4131, 4265, 4284, 4390, 4392], Any[25, 388, 3937, 4038], 21), (Any[81, 110, 112, 271, 337, 3753, 3762, 3900, 3919, 3943, 4036, 4056, 4187, 4255, 4392], Any[20, 25, 388, 3733, 3745, 3759, 3923, 3937, 4038], 24), (Any[27, 243, 337, 338, 459, 494, 511, 521, 607, 2815, 2895, 3900, 3919, 3943, 4056, 4131, 4265, 4284, 4390, 4392], Any[25, 388, 3937, 4038], 24), (Any[6, 55, 243, 337, 338, 345, 420, 3782, 3900, 3902, 3919, 3943, 3980, 4056, 4131, 4187, 4265, 4284, 4292, 4390, 4392], Any[25, 353, 388, 3882, 3937, 3978, 4038, 4389], 29), (Any[6, 17, 23, 191, 243, 311, 337, 338, 345, 3641, 3654, 3659, 3782, 3900, 3902, 3919, 3943, 3980, 4056, 4131, 4187, 4265, 4284, 4292, 4390, 4392], Any[25, 353, 388, 3882, 3937, 3978, 4038, 4389], 34), (Any[32, 35, 81, 86, 208, 268, 281, 337, 358, 445, 3630, 3738, 3753, 3762, 3900, 3919, 3943, 4036, 4056, 4187, 4255, 4265, 4284, 4390, 4392], Any[25, 88, 353, 388, 3733, 3745, 3759, 3937, 4038], 34), (Any[29, 35, 81, 110, 112, 208, 268, 281, 337, 358, 3630, 3738, 3753, 3762, 3900, 3919, 3943, 4036, 4056, 4187, 4255, 4265, 4284, 4390, 4392], Any[25, 59, 60, 353, 388, 3733, 3745, 3759, 3937, 4038], 35), (Any[32, 35, 81, 117, 208, 268, 281, 337, 358, 3630, 3738, 3753, 3762, 3900, 3919, 3943, 3946, 4036, 4056, 4132, 4187, 4255, 4265, 4284, 4390, 4392], Any[25, 59, 60, 353, 388, 3733, 3745, 3759, 3937, 4038], 36), (Any[17, 21, 107, 191, 243, 271, 311, 325, 337, 338, 441, 465, 478, 482, 3603, 3641, 3649, 3654, 3659, 3900, 3919, 3943, 4056, 4089, 4107, 4108, 4131, 4153, 4200, 4255, 4265, 4284, 4390, 4392], Any[25, 388, 3937, 4038], 38), (Any[32, 62, 63, 136, 137, 243, 270, 273, 277, 364, 402, 560, 738, 748, 1042, 1196, 1230, 1634, 1670, 1697, 2802, 2810, 2888, 2900, 2909, 2913, 2922, 2931, 2944, 2945, 3049, 3108, 3162, 3165, 4036, 4113, 4172, 4276], Any[72, 135, 272, 320, 911, 4188, 4293, 4301], 46), (Any[17, 29, 32, 153, 186, 268, 273, 277, 337, 338, 358, 364, 378, 383, 387, 407, 465, 475, 550, 582, 696, 708, 727, 729, 751, 753, 816, 921, 1038, 1214, 1283, 1305, 1312, 1318, 1625, 2114, 2123, 2836, 2840, 3590, 3600, 3603, 3754, 3862, 3900, 3919, 3943, 3990, 4006, 4036, 4056, 4187, 4265, 4276, 4284, 4292, 4372, 4390, 4392], Any[25, 111, 377, 381, 384, 388, 425, 3728, 3937, 4038, 4345, 4389], 71), (Any[15, 44, 46, 243, 268, 337, 338, 358, 470, 484, 495, 496, 506, 523, 556, 557, 571, 574, 577, 579, 587, 599, 606, 608, 612, 620, 645, 657, 659, 660, 669, 679, 681, 750, 775, 776, 787, 788, 790, 792, 817, 828, 830, 832, 853, 868, 870, 874, 875, 880, 888, 914, 929, 934, 947, 953, 986, 1042, 1072, 1075, 1077, 1107, 1121, 1147, 1175, 1194, 1268, 1272, 1280, 1285, 1307, 1317, 1391, 1396, 1398, 1421, 1454, 1460, 1523, 1537, 1550, 1580, 1598, 1620, 1646, 1670, 1688, 1697, 1711, 1721, 1836, 1847, 1968, 1986, 2469, 2472, 2482, 2506, 2739, 2798, 2799, 2816, 2817, 2857, 2862, 2868, 2877, 2886, 2894, 3866, 3900, 3917, 3919, 3943, 4056, 4060, 4131, 4166, 4265, 4284, 4390, 4392], Any[25, 388, 3937, 4038], 126), (Any[6, 9, 16, 35, 44, 68, 91, 106, 108, 110, 118, 125, 126, 199, 200, 208, 250, 265, 271, 287, 303, 309, 325, 337, 338, 363, 368, 378, 382, 392, 393, 395, 405, 407, 411, 413, 417, 418, 423, 434, 475, 487, 617, 871, 1003, 1023, 1220, 1272, 1273, 1634, 1647, 1671, 1847, 1852, 2932, 3259, 3577, 3578, 3601, 3630, 3643, 3656, 3730, 3753, 3782, 3842, 3846, 3847, 3875, 3899, 3900, 3912, 3922, 3936, 3975, 3984, 3987, 3988, 3991, 4020, 4036, 4041, 4044, 4045, 4047, 4062, 4115, 4151, 4158, 4170, 4187, 4218, 4276, 4292, 4392, 4403, 4407], Any[20, 25, 34, 36, 59, 60, 76, 114, 233, 301, 388, 412, 3473, 3650, 3728, 3731, 3732, 3745, 3849, 3905, 3913, 3923, 3970, 3982, 3996, 4026, 4037, 4081, 4098, 4161, 4173, 4195, 4253, 4318, 4319, 4389, 4400], 134), (Any[3, 9, 13, 15, 16, 17, 19, 29, 32, 42, 57, 58, 63, 68, 91, 106, 107, 117, 118, 124, 163, 174, 177, 220, 222, 238, 271, 277, 278, 279, 314, 337, 348, 351, 363, 389, 390, 391, 402, 409, 420, 486, 494, 508, 509, 518, 520, 531, 532, 539, 541, 546, 550, 555, 558, 559, 565, 572, 583, 592, 596, 601, 606, 628, 635, 645, 648, 649, 650, 654, 688, 698, 725, 728, 743, 752, 761, 774, 776, 792, 801, 823, 827, 828, 833, 844, 852, 864, 888, 892, 924, 925, 986, 1058, 1060, 1061, 1062, 1063, 1080, 1201, 1214, 1221, 1226, 1256, 1287, 1288, 1295, 1318, 1340, 1414, 1416, 1456, 1457, 1460, 1490, 1492, 1500, 1524, 1547, 1593, 1629, 1640, 1652, 1694, 1695, 2430, 2432, 2578, 2586, 2697, 2723, 2734, 2817, 2828, 2855, 2861, 2888, 2890, 2891, 2895, 2896, 2901, 2903, 2913, 2917, 2921, 2935, 2936, 2938, 2976, 2989, 3014, 3034, 3059, 3061, 3119, 3160, 3162, 3163, 3232, 3233, 3235, 3238, 3242, 3248, 3249, 3250, 3261, 3263, 3264, 3265, 3268, 3269, 3274, 3275, 3276, 3278, 3279, 3280, 3286, 3309, 3311, 3323, 3331, 3336, 3355, 3364, 3371, 3393, 3418, 3419, 3420, 3421, 3422, 3426, 3428, 3432, 3433, 3435, 3436, 3441, 3442, 3443, 3444, 3445, 3446, 3447, 3448, 3449, 3450, 3452, 3453, 3454, 3455, 3456, 3457, 3458, 3459, 3460, 3461, 3462, 3464, 3466, 3520, 3651, 3652, 3656, 3660, 3668, 3781, 3793, 3794, 3847, 3871, 3900, 3919, 3922, 3943, 3984, 3991, 4041, 4047, 4051, 4056, 4115, 4121, 4187, 4218, 4224, 4265, 4276, 4284, 4292, 4309, 4320, 4326, 4348, 4388, 4390, 4392, 4397, 4401, 4403, 4406], Any[25, 92, 133, 203, 297, 304, 353, 388, 408, 3319, 3340, 3368, 3849, 3905, 3937, 4114, 4282, 4389], 282), (Any[8, 12, 13, 15, 17, 19, 29, 42, 44, 48, 50, 51, 55, 57, 69, 73, 81, 86, 90, 100, 110, 116, 117, 119, 124, 125, 128, 137, 148, 150, 151, 152, 160, 161, 174, 177, 183, 190, 191, 217, 220, 222, 227, 231, 240, 243, 244, 245, 259, 266, 267, 270, 271, 273, 274, 275, 276, 277, 278, 279, 284, 288, 296, 302, 303, 305, 309, 310, 317, 327, 333, 335, 337, 338, 339, 340, 341, 347, 348, 364, 371, 378, 382, 383, 390, 391, 392, 393, 394, 395, 400, 404, 407, 409, 416, 431, 433, 434, 435, 440, 445, 451, 456, 460, 464, 466, 473, 475, 480, 486, 493, 497, 498, 499, 507, 508, 509, 510, 524, 559, 575, 580, 583, 593, 595, 644, 648, 651, 703, 704, 705, 706, 707, 713, 714, 715, 721, 723, 726, 733, 737, 765, 774, 777, 786, 793, 795, 802, 805, 811, 851, 854, 894, 921, 955, 1041, 1069, 1081, 1129, 1146, 1196, 1216, 1257, 1260, 1283, 1318, 1342, 1368, 1408, 1443, 1444, 1455, 1525, 1530, 1539, 1565, 1569, 1597, 1625, 1630, 1658, 1666, 1667, 1724, 2743, 2746, 2787, 2828, 2840, 2890, 2902, 2919, 3117, 3204, 3210, 3231, 3232, 3233, 3235, 3237, 3238, 3242, 3246, 3247, 3248, 3249, 3250, 3255, 3256, 3261, 3262, 3263, 3264, 3265, 3266, 3268, 3269, 3270, 3271, 3272, 3273, 3274, 3275, 3277, 3278, 3279, 3280, 3281, 3282, 3283, 3284, 3286, 3292, 3293, 3303, 3305, 3306, 3311, 3316, 3329, 3344, 3345, 3365, 3370, 3371, 3372, 3373, 3390, 3475, 3520, 3557, 3590, 3596, 3597, 3603, 3621, 3647, 3653, 3657, 3679, 3680, 3682, 3701, 3706, 3710, 3715, 3720, 3722, 3739, 3747, 3753, 3777, 3814, 3842, 3847, 3862, 3863, 3874, 3875, 3876, 3888, 3900, 3901, 3903, 3907, 3914, 3919, 3926, 3936, 3943, 3947, 3965, 3975, 3977, 3999, 4000, 4006, 4008, 4009, 4010, 4011, 4012, 4014, 4041, 4045, 4051, 4056, 4059, 4066, 4074, 4091, 4121, 4127, 4128, 4129, 4131, 4150, 4151, 4158, 4174, 4211, 4235, 4260, 4265, 4270, 4284, 4315, 4316, 4343, 4375, 4388, 4390, 4392, 4397, 4401, 4403, 4406], Any[25, 59, 60, 72, 77, 105, 109, 111, 133, 135, 138, 232, 297, 304, 320, 344, 353, 377, 381, 384, 388, 412, 425, 438, 439, 673, 3168, 3169, 3170, 3171, 3172, 3173, 3176, 3178, 3180, 3181, 3185, 3187, 3188, 3189, 3190, 3191, 3200, 3201, 3202, 3203, 3209, 3368, 3477, 3532, 3539, 3552, 3560, 3565, 3584, 3593, 3594, 3595, 3604, 3610, 3612, 3650, 3671, 3721, 3733, 3745, 3759, 3761, 3882, 3923, 3937, 3939, 3940, 3976, 4026, 4037, 4038, 4043, 4058, 4114, 4161, 4173, 4295, 4345, 4396, 4400], 423), (Any[60], Any[9, 58], 3), (Any[30, 83], Any[86], 3), (Any[88], Any[31, 86], 3), (Any[59, 60], Any[31], 3), (Any[30, 59, 60], Any[9], 4), (Any[60, 84], Any[31, 86], 4), (Any[30, 83, 2009], Any[86], 4), (Any[88, 2359], Any[31, 86], 4), (Any[30, 88], Any[9, 86], 4), (Any[60, 83], Any[31, 58, 86], 5), (Any[30, 60, 84], Any[9, 86], 5), (Any[88, 2625, 2792], Any[31, 86], 5), (Any[3654, 3658, 3661], Any[3633, 3641, 3659], 6), (Any[3651, 3652, 3660], Any[3633, 3641, 3659], 6), (Any[3615, 3632, 3662], Any[3633, 3641, 3659], 6), (Any[30, 60, 84, 325], Any[9, 86], 6), (Any[60, 83, 1946], Any[31, 58, 86], 6), (Any[3654, 3658, 3661, 3842], Any[3633, 3641, 3659], 7), (Any[2748, 3651, 3652, 3660], Any[3633, 3641, 3659], 7), (Any[3651, 3652, 3653, 3660, 3741], Any[121, 3633, 3641, 3659], 9), (Any[3615, 3632, 3662, 3700, 3940, 4010], Any[77, 3633, 3641, 3659], 10), (Any[629, 1223, 2285, 2771, 3259, 3651, 3652, 3654, 3660], Any[3633, 3641, 3659, 3763], 13), (Any[60, 481, 506, 561, 748, 824, 983, 1067, 1079, 1218, 1296, 1418, 1491, 1517, 1550, 1623, 1651, 1664, 1697, 2695, 2807, 3282, 3735], Any[9, 58], 25), (Any[16, 30, 42, 57, 63, 65, 83, 87, 91, 105, 106, 107, 129, 139, 152, 190, 217, 220, 222, 244, 296, 338, 341, 351, 409, 410, 433, 449, 451, 460, 507, 513, 521, 558, 581, 586, 620, 628, 632, 643, 675, 678, 681, 686, 739, 787, 794, 806, 816, 875, 880, 928, 1049, 1092, 1136, 1228, 1264, 1329, 1330, 1349, 1394, 1414, 1417, 1426, 1466, 1484, 1521, 1539, 1553, 1619, 1626, 1676, 1686, 1938, 2366, 2800, 2832, 2876, 2879, 2896, 3099, 3204, 3331, 3461, 3605, 3740, 3753, 3777, 3844, 3899, 3931, 3984, 3991, 4089, 4150, 4151, 4160, 4181, 4218, 4232, 4255, 4292, 4346, 4389, 4391], Any[86, 305, 3340, 3733, 3742, 3766, 3849, 3879, 3932, 3986, 4037, 4038, 4053, 4162], 119), (Any[3, 7, 8, 18, 30, 49, 55, 63, 83, 101, 153, 158, 186, 199, 238, 249, 254, 271, 279, 287, 290, 337, 340, 345, 350, 351, 370, 388, 389, 394, 395, 407, 420, 445, 449, 467, 473, 481, 497, 505, 506, 510, 518, 523, 524, 544, 557, 562, 563, 600, 607, 613, 648, 650, 671, 717, 731, 744, 755, 773, 783, 831, 838, 846, 871, 887, 911, 928, 1076, 1077, 1125, 1211, 1220, 1222, 1324, 1331, 1356, 1373, 1397, 1401, 1419, 1453, 1463, 1512, 1624, 1665, 1667, 1678, 1698, 1727, 1730, 1746, 2363, 2416, 2449, 2479, 2510, 2512, 2587, 2627, 2655, 2799, 2800, 2801, 2814, 2884, 2894, 3282, 3300, 3305, 3308, 3309, 3315, 3317, 3319, 3323, 3329, 3336, 3338, 3342, 3350, 3352, 3354, 3355, 3359, 3364, 3403, 3407, 3409, 3410, 3417, 3441, 3442, 3446, 3447, 3448, 3449, 3450, 3452, 3453, 3454, 3455, 3456, 3457, 3458, 3459, 3460, 3461, 3462, 3464, 3466, 3507, 3557, 3603, 3642, 3648, 3670, 3674, 3681, 3782, 3823, 3827, 3838, 3840, 3852, 3853, 3856, 3868, 3873, 3883, 3965, 3968, 3975, 4009, 4010, 4011, 4012, 4014, 4018, 4032, 4036, 4044, 4130, 4151, 4153, 4166, 4235, 4266, 4267, 4276, 4346, 4375, 4376, 4383, 4388, 4389, 4402], Any[20, 86, 226, 381, 3339, 3340, 3341, 3343, 3347, 3349, 3351, 3357, 3358, 3745, 3913, 3956, 4026, 4037, 4038, 4396], 217), (Any[30, 58, 59], Any[], 3), (Any[30, 58, 59, 2228], Any[], 4), (Any[30, 58, 59, 86], Any[], 4), (Any[30, 58, 59, 1311, 2785, 2801, 2802], Any[], 7), (Any[17, 30, 37, 57, 58, 59, 68, 90, 172, 250, 311, 337, 338, 368, 419, 427, 453, 456, 500, 673, 720, 721, 723, 733, 3202, 3473, 3477, 3532, 3539, 3552, 3560, 3565, 3615, 3632, 3715, 3730, 3912, 4017, 4018, 4020, 4045, 4191, 4265, 4284, 4291, 4383, 4390, 4398, 4402], Any[353, 377, 672, 1374, 3672, 3733, 3873, 4016, 4038, 4050, 4188, 4268, 4301], 62), (Any[15, 30, 48, 57, 58, 59, 68, 69, 70, 75, 81, 103, 153, 163, 167, 199, 200, 250, 273, 278, 287, 301, 303, 329, 351, 352, 379, 387, 445, 468, 469, 470, 471, 474, 475, 491, 493, 500, 514, 519, 556, 562, 594, 620, 648, 649, 770, 844, 849, 885, 1008, 1038, 1040, 1059, 1076, 1214, 1232, 1243, 1284, 1398, 1415, 1437, 1606, 1680, 1684, 2092, 2116, 2181, 2186, 2189, 2332, 2346, 2347, 2410, 2533, 2638, 2641, 2703, 2760, 2778, 2779, 2795, 2798, 2808, 2884, 2885, 2890, 2892, 2902, 2903, 2919, 2921, 2945, 3035, 3068, 3090, 3103, 3104, 3109, 3124, 3130, 3138, 3150, 3167, 3196, 3197, 3198, 3199, 3315, 3352, 3557, 3602, 3616, 3657, 3714, 3720, 3725, 3793, 3794, 3902, 3912, 3914, 3996, 4017, 4020, 4030, 4036, 4045, 4159, 4187, 4190, 4284, 4292, 4318, 4319, 4390, 4398, 4403], Any[9, 72, 104, 166, 353, 3607, 3611, 3613, 3721, 3733, 3745, 3759, 3784, 3923, 4016, 4026, 4038, 4155, 4234, 4249], 158), (Any[4188, 4293, 4301], Any[], 3), (Any[166, 4383], Any[170], 3), (Any[404, 3857], Any[4346], 3), (Any[921, 1054], Any[3662, 3672], 4), (Any[912, 1014], Any[3662, 3672], 4), (Any[901, 998], Any[3662, 3672], 4), (Any[562, 974], Any[3662, 3672], 4), (Any[79, 4188, 4293, 4301], Any[], 4), (Any[1116, 1148], Any[3662, 3672], 4), (Any[14, 16], Any[3662, 3672], 4), (Any[590, 981], Any[3662, 3672], 4), (Any[1152, 1184], Any[3662, 3672], 4), (Any[917, 1047], Any[3662, 3672], 4), (Any[3573, 3601], Any[3662, 3672], 4), (Any[893, 1024], Any[3662, 3672], 4), (Any[1111, 1142], Any[3662, 3672], 4), (Any[1115, 1147], Any[3662, 3672], 4), (Any[1163, 1188], Any[3662, 3672], 4), (Any[592, 984], Any[3662, 3672], 4), (Any[580, 972], Any[3662, 3672], 4), (Any[933, 995], Any[3662, 3672], 4), (Any[915, 1020], Any[3662, 3672], 4), (Any[1130, 1850], Any[3662, 3672], 4), (Any[1181, 1210], Any[3662, 3672], 4), (Any[630, 1011], Any[3662, 3672], 4), (Any[85, 91], Any[3662, 3672], 4), (Any[9, 353, 3875], Any[11, 3903], 5), (Any[588, 973, 2668], Any[3662, 3672], 5), (Any[3676, 4391], Any[35, 3660, 3672], 5), (Any[3573, 3601, 3831], Any[3662, 3672], 5), (Any[60, 353, 3875], Any[11, 58, 3903], 6), (Any[579, 971, 3676], Any[35, 3660, 3672], 6), (Any[566, 978, 3676], Any[35, 3660, 3672], 6), (Any[88, 353, 3875], Any[11, 83, 3903], 6), (Any[607, 996, 3676], Any[35, 3660, 3672], 6), (Any[909, 1039, 1101, 2846], Any[3662, 3672], 6), (Any[31, 353, 3875], Any[11, 58, 59, 3903], 7), (Any[3597, 3600, 3616, 3676], Any[35, 3660, 3672], 7), (Any[88, 353, 3875], Any[11, 58, 84, 3903], 7), (Any[3676, 4193, 4291, 4293], Any[35, 3660, 3672, 4268], 8), (Any[908, 1012, 1049, 3676, 3947], Any[35, 3660, 3672], 8), (Any[6, 9, 3873, 3875, 3902, 3980], Any[11, 3903, 3978], 9), (Any[79, 3572, 3617, 4191, 4291, 4293], Any[3662, 3672, 4268], 9), (Any[15, 338, 1335, 1550, 4191, 4291, 4293], Any[3662, 3672, 4268], 10), (Any[337, 810, 981, 1010, 1130, 1797, 1850], Any[3662, 3672, 3884], 10), (Any[45, 338, 1430, 1653, 4191, 4291, 4293], Any[3662, 3672, 4268], 10), (Any[1275, 1615, 1697, 2903, 3070, 4193, 4291, 4293], Any[3662, 3672, 4268], 11), (Any[1167, 1204, 3615, 3652, 3653, 3679], Any[35, 3623, 3633, 3641, 3659, 3672], 12), (Any[8, 338, 1444, 1586, 4191, 4276, 4291, 4293, 4389], Any[3662, 3672, 4268, 4346], 13), (Any[8, 27, 338, 911, 2825, 2897, 4191, 4291, 4293, 4375, 4376], Any[3662, 3672, 4268], 14), (Any[32, 94, 114, 120, 337, 383, 3986, 4036, 4353], Any[29, 96, 384, 388, 3662, 3672], 15), (Any[32, 94, 114, 120, 337, 383, 3986, 4276, 4353, 4389], Any[29, 96, 384, 388, 4346], 15), (Any[3, 57, 60, 68, 110, 114, 120, 383, 3336, 3986, 4265, 4276, 4284, 4389, 4390, 4406], Any[96, 384, 388, 4346], 20), (Any[3, 57, 60, 68, 110, 114, 120, 383, 3336, 3986, 4036, 4265, 4284, 4390, 4406], Any[96, 384, 388, 3662, 3672], 20), (Any[31, 86, 348, 353, 3439, 3715, 3875, 3999, 4002, 4276, 4318, 4319, 4389, 4397, 4398, 4403], Any[11, 83, 98, 3368, 3662, 3672, 3903, 4026, 4038], 25), (Any[16, 25, 91, 118, 325, 338, 422, 840, 926, 1061, 2866, 3847, 3899, 3922, 3984, 3991, 4047, 4107, 4151, 4187, 4218, 4292], Any[271, 3662, 3672, 3849, 4037, 4346], 28), (Any[100, 116, 117, 124, 186, 243, 282, 378, 390, 391, 401, 407, 419, 3753, 3866, 3867, 4187, 4292, 4383, 4409], Any[33, 98, 109, 272, 320, 364, 384, 3662, 3672, 4167, 4346], 31), (Any[6, 9, 55, 107, 325, 338, 345, 379, 420, 3782, 3866, 3867, 3875, 3902, 3980, 4151, 4187, 4191, 4291, 4292, 4293, 4409], Any[11, 3662, 3672, 3882, 3903, 3978, 4037, 4167, 4268, 4346], 32), (Any[68, 88, 100, 114, 120, 186, 187, 207, 325, 337, 348, 383, 407, 415, 416, 423, 487, 554, 946, 1051, 1233, 2896, 2932, 3599, 3702, 3710, 3842, 3912, 3970, 3986, 4006, 4010, 4036, 4062, 4111, 4190, 4265, 4276, 4284, 4291, 4293, 4372, 4383, 4384, 4390, 4397], Any[29, 34, 76, 92, 96, 109, 112, 384, 388, 3792, 3951, 3952, 3953, 3976, 4026, 4035, 4038, 4058, 4268], 65), (Any[6, 9, 25, 110, 114, 117, 120, 128, 140, 186, 213, 282, 324, 331, 337, 338, 340, 345, 357, 367, 378, 381, 383, 391, 407, 418, 419, 422, 3663, 3669, 3753, 3762, 3782, 3902, 3946, 3980, 3986, 4116, 4187, 4191, 4276, 4291, 4292, 4293, 4353, 4372, 4383, 4389], Any[11, 54, 96, 98, 318, 384, 397, 398, 400, 3662, 3672, 3733, 3736, 3745, 3759, 3792, 3891, 3900, 3903, 3906, 3915, 3978, 4216, 4268, 4346], 73), (Any[6, 9, 25, 32, 81, 110, 114, 117, 120, 128, 140, 186, 213, 282, 324, 337, 338, 340, 345, 357, 367, 378, 381, 383, 391, 407, 418, 419, 422, 3663, 3669, 3753, 3762, 3782, 3842, 3902, 3946, 3980, 3986, 4036, 4116, 4187, 4191, 4276, 4291, 4292, 4293, 4353, 4372, 4383], Any[11, 29, 54, 96, 98, 318, 384, 397, 398, 400, 3662, 3672, 3733, 3745, 3759, 3792, 3891, 3900, 3903, 3906, 3915, 3978, 4216, 4268, 4346], 75), (Any[6, 9, 16, 25, 30, 91, 94, 110, 114, 118, 120, 127, 230, 281, 325, 336, 337, 338, 345, 368, 383, 417, 418, 422, 3663, 3669, 3730, 3753, 3762, 3782, 3842, 3847, 3875, 3899, 3902, 3922, 3980, 3984, 3986, 3991, 4047, 4048, 4049, 4116, 4151, 4187, 4191, 4211, 4218, 4265, 4276, 4291, 4292, 4293, 4353, 4389, 4390], Any[11, 20, 96, 384, 3662, 3672, 3733, 3736, 3745, 3759, 3792, 3849, 3882, 3900, 3903, 3906, 3923, 3978, 4037, 4038, 4268, 4346], 79), (Any[8, 30, 42, 44, 46, 110, 114, 120, 166, 186, 202, 220, 222, 229, 278, 279, 287, 306, 337, 350, 375, 376, 377, 378, 379, 382, 389, 407, 418, 423, 425, 515, 602, 603, 604, 606, 607, 610, 626, 627, 658, 665, 671, 674, 682, 692, 761, 780, 793, 800, 811, 842, 861, 862, 875, 882, 921, 934, 960, 962, 1001, 1043, 1052, 1058, 1078, 1137, 1162, 1220, 1244, 1267, 1279, 1285, 1334, 1419, 1435, 1446, 1447, 1454, 1462, 1478, 1491, 1497, 1510, 1532, 1545, 1549, 1579, 1588, 1599, 1612, 1667, 1784, 1786, 1821, 1897, 1997, 2285, 2295, 2741, 2746, 2750, 2759, 2877, 3044, 3444, 3663, 3669, 3743, 3917, 3986, 4000, 4020, 4045, 4051, 4265, 4276, 4292, 4336, 4359, 4383, 4390, 4403], Any[11, 48, 92, 170, 203, 388, 979, 3623, 3633, 3650, 3662, 3672, 3903, 3906, 4173, 4346, 4392], 139), (Any[5, 8, 13, 14, 16, 61, 87, 91, 107, 110, 120, 136, 140, 144, 146, 157, 163, 185, 188, 208, 225, 235, 239, 244, 273, 278, 279, 280, 282, 299, 300, 314, 325, 337, 348, 381, 382, 383, 389, 390, 419, 423, 441, 443, 515, 517, 593, 605, 646, 650, 656, 661, 692, 696, 718, 738, 745, 748, 820, 853, 868, 888, 905, 929, 1009, 1244, 1262, 1298, 1304, 1357, 1491, 1492, 1502, 1531, 1541, 1558, 1559, 1565, 1574, 1640, 2100, 2665, 2737, 2807, 2811, 2813, 2816, 2855, 2857, 2877, 2899, 2932, 2945, 3044, 3141, 3670, 3753, 3762, 3847, 3868, 3873, 3899, 3931, 3954, 3959, 3971, 3973, 3974, 3984, 3991, 4032, 4060, 4170, 4208, 4218, 4318, 4383, 4389, 4390, 4397, 4398], Any[11, 72, 92, 98, 203, 270, 302, 364, 388, 397, 398, 400, 402, 2927, 3662, 3672, 3733, 3736, 3745, 3759, 3790, 3849, 3900, 3963, 4026, 4037, 4050, 4161, 4169, 4346], 151), (Any[15, 27, 32, 36, 40, 88, 91, 100, 107, 110, 114, 120, 121, 136, 140, 179, 187, 208, 213, 277, 282, 324, 325, 340, 345, 353, 357, 367, 378, 379, 383, 409, 416, 417, 418, 429, 442, 445, 449, 454, 460, 470, 473, 505, 521, 536, 537, 578, 600, 601, 610, 613, 614, 622, 627, 629, 638, 646, 648, 690, 697, 717, 725, 751, 752, 772, 783, 799, 841, 870, 894, 900, 912, 949, 970, 977, 1006, 1022, 1043, 1080, 1089, 1092, 1109, 1116, 1157, 1177, 1195, 1214, 1250, 1278, 1346, 1352, 1357, 1361, 1363, 1375, 1383, 1393, 1401, 1403, 1413, 1556, 1558, 1619, 1635, 1665, 1667, 1684, 1698, 1735, 1895, 2086, 2117, 2213, 2343, 2351, 2352, 2360, 2378, 2411, 2414, 2444, 2617, 2629, 2734, 2760, 2860, 2886, 2920, 2922, 2971, 3012, 3051, 3656, 3668, 3730, 3844, 3847, 3875, 3899, 3960, 3965, 3968, 3970, 3980, 3982, 3986, 3998, 4006, 4049, 4081, 4098, 4111, 4116, 4151, 4190, 4276, 4372, 4398], Any[20, 54, 92, 96, 98, 109, 133, 135, 167, 170, 318, 491, 653, 3340, 3662, 3672, 3759, 3792, 3905, 3923, 3962, 3976, 3978, 4026, 4037, 4058, 4346], 186), (Any[3, 5, 7, 10, 12, 13, 17, 22, 23, 25, 28, 30, 42, 43, 44, 46, 55, 61, 63, 64, 65, 78, 107, 111, 114, 118, 129, 136, 137, 144, 149, 157, 168, 183, 185, 190, 191, 192, 217, 218, 220, 222, 225, 238, 244, 249, 250, 254, 259, 266, 267, 280, 281, 287, 290, 296, 314, 340, 341, 345, 377, 379, 381, 383, 389, 420, 422, 425, 441, 443, 470, 475, 480, 537, 587, 601, 614, 648, 651, 701, 762, 770, 823, 845, 854, 859, 1059, 1074, 1155, 1256, 1326, 1370, 1415, 1490, 1524, 1555, 1560, 1564, 1571, 1579, 1649, 1828, 2238, 2606, 2626, 2869, 2904, 2922, 3059, 3164, 3282, 3305, 3315, 3316, 3329, 3336, 3352, 3389, 3444, 3606, 3638, 3648, 3666, 3669, 3675, 3677, 3681, 3743, 3762, 3777, 3784, 3793, 3794, 3842, 3873, 3875, 3917, 3922, 3954, 3957, 3960, 3965, 3968, 3975, 3977, 3984, 3991, 4009, 4010, 4011, 4012, 4014, 4022, 4030, 4032, 4045, 4047, 4150, 4151, 4153, 4165, 4181, 4232, 4249, 4276, 4292, 4319, 4328, 4384, 4388, 4398], Any[35, 72, 92, 138, 226, 294, 311, 384, 979, 3640, 3641, 3650, 3654, 3659, 3662, 3672, 3733, 3745, 3759, 3792, 4026, 4038, 4046, 4050, 4053, 4248, 4346, 4396], 199), (Any[3, 7, 10, 19, 28, 30, 43, 45, 55, 63, 88, 90, 110, 120, 125, 140, 162, 164, 166, 168, 174, 227, 265, 277, 282, 309, 314, 324, 331, 338, 340, 345, 351, 353, 357, 358, 365, 383, 401, 416, 419, 420, 433, 434, 445, 451, 456, 470, 475, 476, 485, 497, 501, 507, 509, 510, 516, 518, 538, 539, 557, 559, 566, 572, 594, 600, 604, 614, 622, 629, 638, 656, 672, 673, 691, 701, 708, 720, 721, 723, 726, 733, 737, 753, 757, 758, 765, 774, 783, 785, 801, 807, 827, 858, 892, 900, 916, 922, 934, 1043, 1057, 1069, 1121, 1202, 1215, 1269, 1284, 1286, 1291, 1300, 1326, 1339, 1388, 1412, 1500, 1544, 1556, 1559, 1575, 1592, 1594, 1599, 1606, 1610, 1611, 1630, 1637, 1643, 1665, 1666, 2295, 2525, 2549, 2799, 2801, 2804, 2806, 2808, 2822, 2841, 2864, 2888, 2890, 2899, 2901, 2903, 2917, 2921, 3109, 3119, 3210, 3211, 3212, 3213, 3220, 3221, 3222, 3223, 3224, 3225, 3226, 3229, 3230, 3231, 3232, 3233, 3234, 3235, 3237, 3238, 3239, 3240, 3241, 3242, 3243, 3245, 3246, 3247, 3248, 3249, 3250, 3251, 3252, 3253, 3254, 3255, 3256, 3257, 3259, 3260, 3261, 3262, 3263, 3264, 3265, 3266, 3268, 3269, 3270, 3271, 3272, 3273, 3274, 3275, 3277, 3278, 3279, 3280, 3281, 3282, 3283, 3284, 3286, 3292, 3293, 3300, 3305, 3306, 3307, 3309, 3310, 3311, 3315, 3316, 3323, 3324, 3327, 3328, 3329, 3337, 3338, 3342, 3344, 3345, 3350, 3352, 3353, 3355, 3356, 3359, 3389, 3398, 3400, 3401, 3404, 3406, 3411, 3412, 3413, 3414, 3415, 3416, 3418, 3419, 3420, 3421, 3422, 3423, 3424, 3425, 3426, 3428, 3429, 3430, 3431, 3432, 3433, 3435, 3436, 3437, 3438, 3439, 3440, 3443, 3444, 3445, 3446, 3447, 3450, 3451, 3452, 3453, 3454, 3462, 3463, 3473, 3475, 3477, 3496, 3520, 3532, 3539, 3552, 3560, 3565, 3656, 3664, 3668, 3681, 3689, 3700, 3753, 3782, 3793, 3794, 3844, 3846, 3847, 3862, 3863, 3873, 3875, 3879, 3899, 3907, 3912, 4000, 4002, 4030, 4049, 4051, 4066, 4074, 4082, 4110, 4111, 4121, 4143, 4153, 4201, 4211, 4224, 4276, 4318, 4319, 4345, 4380, 4388, 4389, 4398, 4406], Any[11, 83, 98, 112, 170, 268, 272, 297, 302, 304, 305, 311, 320, 408, 729, 3203, 3209, 3339, 3340, 3341, 3343, 3347, 3349, 3351, 3357, 3358, 3361, 3362, 3363, 3508, 3622, 3736, 3745, 3903, 3905, 3976, 4038, 4058, 4114, 4131, 4196, 4392, 4411], 384)], Any[82.65002012252808, 148.6451539993286, 25.419578075408936, 605.2029950618744, 1800.0221090316772], Any[0.10721111297607422, 0.0372159481048584, 0.035347938537597656, 0.0634298324584961], Any[17.90085005760193, 11.313957929611206, 11.887626886367798, 17.108360052108765]), 16)
