ENV["GRB_LICENSE_FILE"] = "/home/htc/htroppen/gurobi.lic"
iCHOv1_DG44
(time_limit, fast, json, yeast) = (1800, true, true, false)
fast = true

iCHOv1_DG44
----------------------------------
number of metabolites : 2751
number of reactions : 3942
number of genes : 1184

MOI.get(master_problem, MOI.RawOptimizerAttribute("numerics/feastol")) = 1.0e-6
multiple_mis = 197
max_cuts = 20
(indicator, big_m) = (false, true)
BIG M ADDED
model with 3942 flux variables and 7297 variables in total
master problem solved
feasible = false
[length(mis) for mis = unique(C_list)] = [4, 145, 3, 5, 3, 2, 4, 7, 4, 2, 6, 213, 4, 4, 4, 72, 2, 4, 4, 4, 6, 184, 11, 7, 39, 79, 129, 8, 80, 4, 8, 14, 4, 11, 6, 7, 4, 11, 5, 4, 8, 4, 4, 3, 4, 169, 4, 7, 129, 4, 7, 9, 136, 4, 5, 7, 7, 6, 31, 4, 135, 9, 4, 4, 7, 4, 4, 4, 7, 252, 59, 152, 121, 6, 4, 7, 4, 5, 186, 4, 105, 7, 15, 4, 4, 4, 22, 4, 6, 3, 3, 4, 4, 4, 4, 150, 5, 5, 4, 4, 91, 8, 12, 12]
length(C_list) = 20
sub problem solved
iter = 1
[length(mis) for mis = unique(C_list)] = [9, 168, 4, 3, 5, 4, 6, 4, 6, 4, 9, 7, 8, 20, 13, 7, 6, 6, 4, 4, 13, 63, 8, 4, 3, 9, 5, 5, 5, 11, 4, 5, 8, 6, 37, 4, 78, 6, 5, 5, 7, 9, 22, 5, 8, 7, 6, 346, 3, 4, 4, 5, 4, 7, 81, 4, 3, 8, 14, 5, 4, 6, 6, 15, 4, 5, 3, 39, 4, 6, 70, 4, 4, 5, 18, 8, 4, 5, 4, 6, 6, 6, 5, 3, 10, 7, 6, 4, 5, 4, 4, 39, 6, 4, 5, 85, 7, 5, 6, 6, 5, 14, 4, 4, 4, 4, 4, 42, 268, 33, 4]
length(C_list) = 20
termination_sub = MathOptInterface.INFEASIBLE
iter = 2
[length(mis) for mis = unique(C_list)] = [3, 20, 5, 3, 5, 4, 3, 11, 3, 104, 6, 9, 4, 5, 10, 7, 4, 4, 6, 12, 6, 6, 5, 8, 6, 8, 4, 5, 5, 98, 6, 4, 5, 4, 8, 18, 4, 7, 8, 5, 7, 4, 9, 5, 6, 355, 4, 85, 6, 4, 7, 4, 161, 9, 75, 6, 5, 7, 26, 9, 4, 4, 5, 4, 6, 16, 9, 5, 4, 5, 4, 5, 4, 4, 4, 9, 9, 3, 16, 4, 11, 7, 53, 8, 5, 4, 6, 4, 114, 6, 4, 4, 6, 5, 8, 9, 6, 4, 10, 4, 5, 4, 6, 5, 4, 4, 3, 4, 6, 6, 10]
length(C_list) = 20
termination_sub = MathOptInterface.INFEASIBLE
iter = 3
[length(mis) for mis = unique(C_list)] = [6, 3, 6, 3, 3, 3, 6, 6, 4, 8, 5, 5, 11, 4, 14, 3, 6, 4, 6, 98, 3, 9, 5, 5, 10, 4, 9, 5, 5, 5, 5, 8, 4, 3, 4, 4, 5, 8, 5, 7, 5, 11, 6, 6, 3, 4, 4, 4, 91, 6, 87, 7, 5, 4, 6, 13, 6, 3, 4, 3, 4, 5, 4, 215, 4, 10, 6, 4, 4, 11, 4, 5, 4, 5, 4, 4, 4, 6, 5, 9, 5, 5, 73, 8, 4, 4, 32, 171, 5, 5, 9, 9, 3, 14, 4, 15, 5, 6, 3, 4, 280, 120, 4, 4, 4, 3, 4, 5, 4, 4, 4, 4, 5, 17, 4, 35]
length(C_list) = 20
termination_sub = MathOptInterface.INFEASIBLE
iter = 4
[length(mis) for mis = unique(C_list)] = [5, 17, 5, 3, 3, 3, 4, 4, 3, 8, 6, 4, 4, 10, 4, 4, 4, 16, 4, 4, 4, 141, 4, 5, 12, 5, 266, 3, 11, 7, 155, 179, 6, 5, 5, 8, 4, 6, 252, 227, 5, 6, 10, 6, 68, 5, 4, 7, 4, 6, 4, 4, 53, 4, 4, 4, 4, 10, 4, 9, 134, 4, 6, 6, 7, 8, 6, 5, 5, 5, 5, 4, 9, 4, 4, 6, 5, 4, 8, 157, 9, 5, 4, 5, 5, 7, 4, 4, 4, 3, 9, 5, 5, 6, 4, 5, 5, 6, 7, 10, 6, 7, 8, 4, 5, 13, 5, 9, 4, 4, 4, 4, 32, 12, 10, 7]
length(C_list) = 20
termination_sub = MathOptInterface.INFEASIBLE
iter = 5
[length(mis) for mis = unique(C_list)] = [4, 6, 3, 4, 3, 8, 5, 55, 5, 271, 5, 4, 4, 5, 4, 4, 35, 4, 19, 4, 3, 337, 8, 232, 4, 7, 10, 393, 334, 4, 5, 6, 6, 4, 5, 23, 5, 3, 6, 7, 6, 5, 8, 4, 8, 4, 4, 5, 4, 8, 198, 4, 5, 3, 4, 7, 8, 7, 6, 5, 6, 6, 6, 8, 7, 14, 4, 5, 4, 5, 17, 4, 5, 3, 4, 4, 5, 10, 6, 19, 3, 3, 5, 4, 4, 6, 5, 10, 5, 5, 6, 7, 8, 11, 4, 27, 6, 5, 5, 5, 5, 4, 7, 7, 194, 5, 4, 4, 15]
length(C_list) = 20
termination_sub = MathOptInterface.INFEASIBLE
iter = 6
[length(mis) for mis = unique(C_list)] = [10, 5, 33, 3, 9, 5, 5, 6, 73, 7, 7, 8, 78, 5, 4, 9, 4, 4, 6, 4, 3, 4, 6, 200, 4, 5, 346, 155, 12, 4, 4, 6, 4, 4, 6, 5, 7, 4, 5, 9, 4, 6, 7, 6, 8, 4, 139, 40, 4, 5, 4, 75, 5, 6, 5, 5, 4, 4, 5, 5, 6, 11, 154, 6, 520, 10, 196, 11, 296, 5, 5, 10, 25, 225, 5, 15, 8, 4, 10, 5, 5, 4, 3, 4, 7, 5, 4, 4, 8, 5, 4, 10, 95, 321, 8, 4, 14, 11, 6, 10, 10, 9, 281, 4, 25, 4, 7, 5, 6, 5, 5, 4, 3, 7, 5, 19, 4, 5, 5, 5, 4, 74, 7, 8, 5, 7, 10, 10, 11]
length(C_list) = 20
termination_sub = MathOptInterface.INFEASIBLE
iter = 7
[length(mis) for mis = unique(C_list)] = [4, 9, 3, 6, 3, 3, 4, 73, 4, 7, 12, 4, 5, 4, 389, 4, 284, 4, 7, 7, 8, 4, 9, 7, 5, 5, 11, 8, 7, 5, 7, 10, 11, 12, 4, 8, 5, 4, 9, 5, 6, 5, 4, 10, 282, 4, 4, 70, 12, 8, 5, 6, 6, 4, 5, 4, 5, 10, 9, 8, 4, 4, 4, 5, 5, 190, 5, 7, 80, 5, 7, 7, 7, 7, 6, 7, 7, 7, 7, 10, 7, 9, 7, 33, 4, 3, 4, 10, 227, 10, 11, 295, 4, 158, 5, 9, 123, 5, 6, 4, 62, 5, 4, 7, 68, 7, 7, 7, 5, 7, 7, 18]
length(C_list) = 20
termination_sub = MathOptInterface.INFEASIBLE
iter = 8
[length(mis) for mis = unique(C_list)] = [5, 5, 6, 3, 8, 4, 7, 10, 8, 3, 3, 14, 4, 8, 4, 10, 6, 10, 8, 20, 4, 3, 5, 8, 4, 4, 7, 375, 5, 4, 14, 5, 9, 11, 6, 8, 10, 272, 5, 4, 7, 4, 6, 9, 6, 5, 6, 4, 9, 7, 4, 7, 4, 6, 4, 11, 4, 9, 4, 8, 4, 4, 4, 4, 135, 5, 6, 93, 115, 120, 6, 4, 41, 4, 42, 5, 7, 4, 5, 6, 4, 25, 4, 4, 8, 4, 4, 4, 12, 11, 5, 4, 5, 6, 7, 6, 5, 9, 32, 12, 404, 4, 4, 4, 8, 10, 11, 5, 6, 4, 7, 6, 7, 7, 4, 4, 5, 132, 5, 101, 4, 6, 35, 34, 12]
length(C_list) = 20
termination_sub = MathOptInterface.INFEASIBLE
iter = 9
[length(mis) for mis = unique(C_list)] = [5, 181, 4, 6, 7, 9, 4, 3, 5, 5, 4, 97, 21, 7, 5, 6, 5, 4, 5, 5, 6, 183, 246, 6, 4, 4, 6, 4, 8, 11, 8, 5, 5, 6, 224, 22, 3, 7, 5, 5, 8, 4, 4, 4, 10, 15, 5, 7, 4, 5, 5, 116, 5, 55, 7, 24, 303, 4, 10, 5, 4, 5, 4, 5, 9, 7, 7, 4, 5, 4, 9, 6, 8, 6, 7, 5, 6, 9, 4, 5, 4, 4, 4, 4, 4, 21, 5, 7, 37, 6, 5, 4, 4, 6, 7, 4, 11, 5, 7, 5, 5, 4, 4, 3, 7, 7, 21, 9, 7, 5, 8, 7, 6, 19, 4, 4, 10, 87, 4, 4, 6, 5, 5, 11, 8, 25, 8, 4]
length(C_list) = 20
termination_sub = MathOptInterface.INFEASIBLE
iter = 10
[length(mis) for mis = unique(C_list)] = [5, 5, 6, 3, 6, 6, 3, 9, 4, 4, 107, 18, 4, 7, 5, 7, 4, 4, 5, 5, 4, 15, 5, 10, 16, 4, 36, 6, 248, 4, 4, 7, 362, 11, 5, 6, 4, 5, 65, 12, 5, 214, 5, 5, 102, 9, 6, 4, 4, 4, 4, 5, 7, 4, 4, 6, 7, 6, 8, 4, 5, 28, 4, 9, 65, 56, 4, 5, 27, 4, 4, 16, 21, 4, 9, 26, 5, 5, 7, 5, 6, 8, 5, 4, 234, 7, 7, 8, 148, 10, 185, 4, 4, 6, 8, 8, 4, 4, 4, 5, 5, 240, 21, 360, 4, 3, 4, 3, 10, 5]
length(C_list) = 20
termination_sub = MathOptInterface.INFEASIBLE
iter = 11
[length(mis) for mis = unique(C_list)] = [5, 5, 3, 4, 7, 4, 6, 4, 8, 4, 314, 12, 6, 4, 4, 5, 5, 4, 6, 5, 5, 3, 6, 8, 5, 4, 8, 7, 6, 7, 8, 6, 14, 46, 7, 9, 6, 5, 5, 6, 5, 92, 3, 6, 9, 5, 112, 26, 4, 5, 6, 6, 6, 124, 4, 4, 6, 5, 6, 4, 115, 4, 8, 4, 15, 5, 3, 76, 8, 6, 284, 8, 7, 60, 5, 4, 5, 5, 33, 6, 6, 5, 6, 6, 6, 6, 5, 4, 4, 4, 6, 5, 4, 4, 6, 10, 8, 5, 4, 4, 5, 20, 5, 6, 4, 6, 7, 6, 5, 5, 5, 5, 5, 6, 8, 3, 4, 6, 6]
length(C_list) = 20
termination_sub = MathOptInterface.INFEASIBLE
iter = 12
[length(mis) for mis = unique(C_list)] = [4, 4, 3, 7, 5, 4, 4, 3, 6, 5, 386, 5, 5, 41, 5, 196, 7, 5, 10, 6, 7, 10, 6, 11, 6, 6, 4, 3, 6, 4, 4, 4, 8, 3, 3, 10, 17, 5, 16, 120, 4, 4, 8, 6, 9, 9, 4, 4, 7, 251, 4, 10, 4, 4, 8, 100, 6, 7, 10, 4, 8, 9, 7, 11, 5, 292, 5, 50, 7, 4, 15, 21, 6, 8, 6, 5, 4, 6, 6, 4, 8, 5, 5, 4, 3, 4, 8, 10, 10, 8, 6, 9, 4, 9, 5, 6, 7, 8, 6, 6, 7, 5, 7, 4, 7, 5, 10, 160, 7, 9, 4, 7, 11, 9, 5, 73, 11]
length(C_list) = 20
termination_sub = MathOptInterface.INFEASIBLE
iter = 13
[length(mis) for mis = unique(C_list)] = [4, 4, 6, 10, 6, 9, 6, 3, 6, 183, 9, 7, 3, 6, 7, 6, 6, 5, 8, 4, 12, 12, 5, 10, 5, 8, 4, 5, 4, 10, 6, 7, 4, 8, 6, 5, 82, 7, 3, 19, 6, 29, 47, 5, 5, 6, 4, 5, 11, 7, 4, 6, 4, 4, 17, 4, 7, 7, 49, 8, 5, 4, 4, 7, 7, 4, 5, 11, 33, 241, 11, 7, 6, 6, 7, 9, 19, 4, 5, 6, 4, 4, 5, 24, 239, 5, 7, 4, 8, 4, 5, 5, 4, 5, 140, 6, 73, 54, 12, 12, 4, 4, 6, 4, 220, 6, 6, 3, 6, 7, 4, 6, 4, 5, 5, 6, 8, 9, 13, 85, 4, 4, 7, 4, 12, 80, 7, 12, 5, 88, 4]
length(C_list) = 20
termination_sub = MathOptInterface.INFEASIBLE
iter = 14
[length(mis) for mis = unique(C_list)] = [8, 5, 10, 3, 5, 6, 11, 9, 8, 6, 6, 3, 12, 10, 3, 37, 4, 4, 10, 4, 4, 5, 4, 4, 5, 6, 4, 8, 5, 7, 10, 8, 23, 7, 58, 7, 10, 71, 10, 4, 6, 10, 6, 5, 4, 6, 6, 3, 5, 8, 7, 5, 4, 6, 35, 4, 18, 9, 5, 4, 4, 6, 4, 4, 12, 9, 5, 6, 5, 9, 4, 5, 6, 11, 5, 4, 4, 4, 4, 10, 5, 4, 10, 4, 5, 5, 12, 9, 128, 8, 6, 14, 3, 5, 10, 12, 6, 4, 4, 10, 19, 9, 6, 4, 5, 4, 6, 4, 4, 6, 20, 4, 4, 8, 5, 5, 129, 85, 4, 6, 4, 17, 4, 47, 37, 5, 21, 10, 4]
length(C_list) = 20
termination_sub = MathOptInterface.INFEASIBLE
iter = 15
[length(mis) for mis = unique(C_list)] = [8, 4, 6, 6, 9, 7, 6, 5, 21, 4, 4, 4, 4, 7, 5, 4, 3, 3, 4, 21, 5, 4, 114, 6, 110, 4, 112, 8, 6, 8, 6, 10, 4, 23, 10, 6, 4, 4, 13, 164, 5, 4, 5, 4, 10, 4, 36, 5, 4, 5, 127, 4, 299, 6, 9, 6, 4, 3, 4, 8, 19, 9, 6, 9, 4, 10, 8, 5, 5, 4, 5, 10, 7, 6, 10, 10, 161, 5, 8, 8, 7, 4, 135, 4, 4, 4, 4, 5, 6, 16, 125, 6, 8, 4, 6, 4, 7, 100, 4, 5, 33, 4, 4, 4, 4, 5, 5, 7, 7, 4, 4, 82, 4, 4, 20, 4, 15, 4, 4, 6, 4, 5, 15, 17, 7]
length(C_list) = 20
termination_sub = MathOptInterface.INFEASIBLE
iter = 16
[length(mis) for mis = unique(C_list)] = [5, 26, 6, 12, 5, 19, 7, 5, 6, 6, 5, 4, 5, 7, 4, 6, 8, 8, 4, 4, 4, 8, 4, 4, 5, 5, 6, 8, 5, 9, 20, 15, 9, 8, 8, 5, 6, 4, 4, 5, 8, 5, 6, 6, 3, 6, 8, 6, 246, 56, 5, 6, 9, 6, 272, 7, 5, 4, 9, 4, 6, 281, 10, 8, 4, 4, 12, 14, 5, 5, 6, 270, 7, 4, 7, 5, 23, 15, 4, 218, 21, 5, 4, 5, 6, 5, 178, 7, 3, 3, 18, 6, 3, 7, 4, 4, 3, 164, 10, 5, 3, 9, 11, 5, 6, 5, 4, 5, 78, 73, 8, 54, 21, 6, 7, 7, 5, 4, 4, 5, 5, 6, 5, 5, 5, 358, 5, 8, 9, 8, 8]
length(C_list) = 20
termination_sub = MathOptInterface.INFEASIBLE
iter = 17
[length(mis) for mis = unique(C_list)] = [4, 82, 8, 7, 4, 6, 7, 9, 8, 7, 14, 7, 4, 5, 5, 4, 5, 8, 8, 6, 8, 11, 6, 5, 4, 5, 5, 6, 5, 4, 8, 4, 6, 8, 4, 4, 9, 6, 6, 153, 50, 6, 13, 5, 4, 6, 8, 5, 7, 320, 4, 4, 5, 4, 9, 5, 7, 9, 8, 268, 5, 7, 5, 7, 8, 4, 93, 9, 6, 20, 7, 187, 22, 8, 4, 5, 10, 6, 5, 4, 120, 4, 4, 23, 4, 4, 64, 4, 5, 4, 4, 4, 7, 4, 6, 5, 6, 4, 5, 4, 4, 4, 4, 3, 4, 15, 3, 5, 4, 6, 5, 175, 5, 4, 3, 6, 5, 5, 4, 5, 4, 17, 4, 5, 6, 6, 5, 5, 5]
length(C_list) = 20
termination_sub = MathOptInterface.INFEASIBLE
iter = 18
[length(mis) for mis = unique(C_list)] = [8, 237, 8, 6, 10, 5, 17, 5, 6, 11, 8, 7, 8, 7, 8, 5, 12, 5, 4, 4, 5, 4, 14, 5, 6, 6, 4, 27, 6, 276, 4, 9, 4, 4, 6, 9, 78, 20, 4, 3, 6, 9, 5, 7, 5, 11, 11, 5, 4, 6, 9, 5, 4, 4, 4, 6, 8, 133, 4, 6, 6, 4, 4, 5, 4, 9, 290, 12, 4, 5, 4, 6, 5, 5, 6, 5, 85, 6, 4, 7, 4, 4, 52, 4, 20, 4, 4, 7, 6, 4, 61, 8, 4, 11, 4, 9, 6, 4, 9, 10, 10, 5, 4, 4, 4, 4, 5, 10, 10, 5, 4, 4, 4, 6, 5, 4, 12, 4, 5, 172, 4, 4, 9, 12, 8, 10, 5]
length(C_list) = 20
termination_sub = MathOptInterface.INFEASIBLE
iter = 19
[length(mis) for mis = unique(C_list)] = [4, 4, 8, 3, 3, 3, 8, 25, 10, 9, 7, 7, 4, 4, 6, 8, 4, 293, 7, 7, 4, 20, 45, 5, 4, 5, 8, 4, 8, 14, 4, 6, 7, 4, 195, 474, 9, 12, 12, 3, 5, 6, 175, 5, 226, 5, 5, 8, 138, 9, 8, 5, 7, 52, 4, 152, 4, 32, 7, 5, 6, 3, 4, 4, 6, 7, 7, 4, 9, 9, 9, 6, 16, 6, 5, 6, 4, 21, 7, 5, 3, 312, 7, 4, 4, 7, 5, 4, 7, 9, 22, 4, 4, 10, 14, 6, 7, 4, 7, 7, 13, 409, 4, 8, 4, 9, 7, 12, 7, 8, 8, 9, 7, 4, 8, 9, 4, 7, 4, 6, 8, 8]
length(C_list) = 20
termination_sub = MathOptInterface.INFEASIBLE
iter = 20
[length(mis) for mis = unique(C_list)] = [7, 230, 5, 16, 9, 6, 4, 9, 7, 4, 4, 9, 5, 222, 5, 5, 10, 8, 11, 111, 5, 4, 9, 4, 90, 4, 10, 5, 4, 5, 16, 28, 174, 4, 8, 4, 5, 11, 5, 4, 14, 28, 185, 8, 4, 5, 5, 7, 4, 5, 5, 10, 3, 5, 5, 4, 5, 4, 4, 4, 4, 7, 8, 11, 11, 11, 5, 5, 21, 27, 20, 177, 5, 4, 17, 4, 6, 6, 8, 10, 7, 6, 5, 4, 6, 5, 5, 92, 9, 4, 5, 5, 5, 5, 9, 5, 6, 8, 6, 18, 4, 4, 5, 4, 7, 8, 7, 45, 6, 4, 6, 6, 6, 6, 7, 8, 23, 5, 5, 4, 4, 4, 11, 4, 211, 8, 4, 7, 81, 10, 12]
length(C_list) = 20
termination_sub = MathOptInterface.INFEASIBLE
iter = 21
[length(mis) for mis = unique(C_list)] = [4, 83, 6, 4, 4, 5, 4, 4, 4, 5, 5, 5, 5, 4, 9, 43, 4, 5, 5, 9, 6, 4, 498, 4, 6, 9, 309, 10, 6, 4, 70, 8, 7, 8, 4, 5, 5, 4, 5, 6, 167, 6, 4, 29, 4, 5, 90, 6, 5, 9, 7, 45, 5, 7, 77, 80, 6, 68, 6, 4, 253, 5, 7, 5, 5, 4, 9, 4, 5, 4, 9, 7, 7, 6, 8, 4, 5, 4, 5, 6, 4, 6, 6, 5, 5, 35, 38, 3, 8, 5, 11, 40, 9, 5, 20, 12, 4, 5, 9, 30, 10, 11, 5, 4, 5, 6, 22, 9, 6, 5, 7, 5, 15, 5, 262, 12, 15, 6, 5, 8, 8, 8, 8, 8]
length(C_list) = 20
termination_sub = MathOptInterface.INFEASIBLE
iter = 22
[length(mis) for mis = unique(C_list)] = [8, 4, 4, 4, 3, 4, 4, 8, 22, 4, 4, 5, 4, 6, 10, 4, 9, 4, 8, 7, 4, 10, 11, 7, 380, 6, 4, 7, 6, 7, 12, 6, 5, 54, 6, 3, 5, 4, 7, 4, 4, 17, 7, 6, 5, 57, 257, 6, 5, 7, 8, 56, 6, 7, 4, 6, 15, 9, 6, 4, 4, 9, 9, 4, 6, 4, 7, 6, 6, 6, 10, 9, 6, 4, 4, 5, 4, 4, 6, 3, 12, 6, 250, 4, 5, 10, 6, 7, 4, 6, 5, 7, 4, 10, 4, 4, 9, 4, 4, 4, 5, 8, 4, 5, 7, 6, 4, 6, 4, 4, 3, 3, 7, 8, 5, 7, 6, 4, 12, 7, 18, 7]
length(C_list) = 20
termination_sub = MathOptInterface.INFEASIBLE
iter = 23
[length(mis) for mis = unique(C_list)] = [12, 178, 4, 4, 6, 4, 4, 4, 5, 6, 9, 164, 5, 6, 18, 3, 16, 40, 6, 6, 7, 4, 6, 39, 9, 10, 5, 194, 7, 5, 7, 9, 6, 7, 6, 235, 8, 11, 5, 9, 4, 59, 37, 6, 5, 4, 9, 4, 5, 4, 348, 10, 9, 7, 4, 4, 8, 5, 4, 8, 15, 7, 5, 4, 7, 7, 10, 4, 233, 4, 5, 22, 8, 10, 125, 9, 5, 10, 11, 4, 5, 6, 173, 33, 322, 15, 5, 8, 4, 5, 7, 7, 6, 11, 7, 5, 5, 22, 23, 4, 4, 13, 4, 4, 47, 5, 8, 6, 6, 4, 10, 5, 8, 31, 61, 7, 5, 4, 5, 5, 5, 13, 6, 7, 5, 72, 5, 4, 4, 12, 8, 11, 4]
length(C_list) = 20
termination_sub = MathOptInterface.INFEASIBLE
iter = 24
[length(mis) for mis = unique(C_list)] = [8, 217, 4, 4, 6, 4, 6, 6, 6, 5, 4, 9, 8, 6, 14, 7, 5, 7, 244, 4, 6, 5, 5, 4, 5, 38, 12, 157, 5, 9, 6, 11, 12, 8, 8, 6, 8, 7, 5, 6, 4, 4, 9, 5, 6, 4, 6, 6, 16, 8, 4, 10, 12, 4, 10, 6, 6, 8, 8, 4, 4, 4, 4, 5, 9, 8, 4, 4, 8, 7, 12, 233, 8, 4, 9, 5, 10, 4, 5, 187, 7, 7, 6, 4, 7, 5, 7, 5, 8, 5, 4, 4, 6, 3, 91, 8, 4, 20, 21, 4, 6, 93, 10, 8, 19, 8, 7, 10, 11, 7, 5, 7, 6, 8, 4, 8, 7, 8, 4, 4, 6, 11, 4, 3, 6, 4, 28, 7, 9, 10, 12, 10]
length(C_list) = 20
termination_sub = MathOptInterface.INFEASIBLE
iter = 25
[length(mis) for mis = unique(C_list)] = [4, 7, 5, 7, 6, 9, 10, 8, 6, 206, 5, 4, 4, 305, 4, 4, 5, 7, 8, 4, 5, 4, 8, 4, 4, 4, 9, 5, 55, 8, 97, 6, 258, 5, 131, 34, 4, 5, 4, 8, 4, 6, 4, 5, 77, 4, 4, 3, 77, 5, 9, 8, 3, 7, 6, 6, 5, 7, 6, 211, 4, 10, 10, 4, 9, 7, 4, 10, 6, 6, 6, 7, 5, 7, 11, 6, 9, 10, 4, 5, 4, 5, 5, 5, 4, 4, 5, 6, 4, 4, 4, 8, 5, 7, 4, 5, 63, 7, 4, 5, 5, 6, 23, 7, 9, 80, 5, 4, 12, 4, 5, 11, 4, 4, 6, 7, 6, 8, 4, 6, 7, 4, 5, 9, 4, 6, 9, 10, 15]
length(C_list) = 20
termination_sub = MathOptInterface.INFEASIBLE
iter = 26
[length(mis) for mis = unique(C_list)] = [10, 5, 22, 18, 8, 5, 5, 6, 4, 82, 5, 7, 5, 8, 4, 34, 5, 4, 5, 9, 4, 4, 4, 6, 7, 4, 6, 7, 13, 4, 8, 20, 6, 11, 5, 4, 5, 4, 13, 5, 5, 6, 11, 21, 5, 10, 9, 6, 5, 10, 6, 11, 5, 7, 4, 12, 168, 12, 7, 4, 4, 7, 7, 34, 6, 5, 4, 6, 5, 205, 6, 9, 7, 4, 9, 4, 5, 13, 4, 8, 15, 7, 5, 5, 4, 5, 10, 4, 8, 3, 3, 5, 7, 4, 5, 5, 9, 22, 6, 4, 8, 5, 6, 8, 5, 6, 4, 12, 4, 4, 54, 6, 98, 6, 14, 5, 6, 7, 8, 25, 4]
length(C_list) = 20
termination_sub = MathOptInterface.INFEASIBLE
iter = 27
[length(mis) for mis = unique(C_list)] = [5, 12, 6, 13, 4, 5, 10, 4, 4, 4, 10, 10, 6, 6, 4, 7, 8, 4, 4, 5, 4, 5, 8, 5, 5, 7, 9, 8, 4, 8, 9, 6, 5, 4, 4, 11, 7, 5, 4, 4, 6, 5, 41, 18, 8, 4, 7, 4, 6, 8, 221, 191, 27, 6, 244, 19, 5, 4, 6, 4, 8, 5, 7, 4, 5, 10, 10, 6, 6, 18, 4, 7, 6, 7, 6, 10, 5, 5, 6, 7, 4, 4, 6, 4, 4, 5, 4, 5, 4, 9, 6, 6, 6, 3, 66, 4, 4, 8, 5, 5, 115, 5, 6, 6, 4, 116, 5, 6, 11, 137, 4, 4, 5, 4, 4, 5, 5, 15, 26, 10, 4, 6, 12, 6, 4, 6, 11, 6, 94, 12]
length(C_list) = 20
termination_sub = MathOptInterface.INFEASIBLE
iter = 28
[length(mis) for mis = unique(C_list)] = [6, 4, 5, 4, 4, 14, 4, 3, 4, 6, 8, 6, 14, 5, 42, 4, 7, 6, 4, 4, 4, 4, 5, 27, 9, 5, 7, 11, 5, 14, 4, 8, 6, 5, 6, 6, 4, 4, 8, 5, 8, 6, 11, 9, 4, 5, 7, 8, 3, 16, 9, 5, 10, 11, 28, 10, 10, 4, 4, 3, 24, 6, 188, 7, 4, 26, 6, 385, 10, 5, 6, 5, 19, 4, 9, 5, 121, 6, 6, 4, 8, 6, 5, 4, 5, 6, 6, 7, 4, 9, 8, 10, 12, 5, 7, 9, 87, 5, 4, 254, 9, 6, 47, 4, 61, 5, 4, 47, 5, 7, 7, 9, 8, 4, 4, 10, 22, 7, 15, 115, 13, 3, 4, 6, 12, 6]
length(C_list) = 20
termination_sub = MathOptInterface.INFEASIBLE
iter = 29
[length(mis) for mis = unique(C_list)] = [3, 7, 7, 5, 4, 4, 4, 4, 5, 6, 14, 5, 5, 4, 9, 10, 5, 5, 8, 5, 4, 5, 7, 50, 6, 8, 9, 4, 4, 6, 4, 49, 8, 8, 6, 5, 4, 4, 10, 5, 4, 8, 5, 5, 5, 136, 5, 10, 10, 17, 6, 16, 4, 4, 4, 4, 7, 8, 17, 10, 4, 6, 6, 5, 5, 7, 7, 283, 10, 260, 7, 8, 5, 6, 10, 8, 4, 6, 5, 6, 5, 5, 7, 4, 5, 4, 4, 4, 5, 7, 5, 6, 5, 5, 4, 7, 4, 5, 4, 13, 6, 5, 4, 9, 4, 8, 148, 4, 6, 5, 5, 11, 4, 7, 5, 5, 9, 7, 4, 6, 7, 4, 5, 4, 9, 6, 7]
length(C_list) = 20
termination_sub = MathOptInterface.INFEASIBLE
iter = 30
[length(mis) for mis = unique(C_list)] = [8, 8, 12, 6, 8, 9, 261, 5, 6, 53, 8, 7, 26, 8, 66, 4, 5, 18, 5, 5, 49, 5, 5, 9, 3, 132, 3, 6, 7, 92, 36, 8, 7, 5, 7, 4, 4, 8, 7, 6, 16, 87, 7, 7, 5, 6, 5, 4, 6, 4, 6, 6, 9, 8, 4, 7, 4, 8, 6, 12, 8, 4, 317, 5, 6, 8, 5, 5, 10, 45, 7, 5, 5, 4, 6, 6, 5, 4, 4, 7, 4, 4, 4, 14, 124, 6, 6, 9, 6, 7, 7, 10, 13, 4, 4, 18, 6, 4, 10, 8, 7, 4, 5, 8, 4, 4, 4, 4, 5, 6, 51, 5, 6, 7, 4, 4, 5, 21, 7, 116, 4, 4, 10, 4]
length(C_list) = 20
termination_sub = MathOptInterface.INFEASIBLE
iter = 31
[length(mis) for mis = unique(C_list)] = [5, 4, 7, 7, 5, 8, 5, 5, 4, 4, 5, 4, 5, 6, 6, 26, 6, 6, 5, 4, 4, 9, 4, 4, 5, 4, 6, 6, 8, 5, 5, 7, 4, 5, 245, 7, 17, 4, 9, 271, 189, 3, 20, 18, 7, 6, 6, 5, 19, 5, 4, 5, 5, 21, 3, 7, 4, 5, 4, 4, 4, 5, 6, 8, 87, 9, 4, 6, 6, 14, 8, 5, 4, 5, 12, 4, 4, 5, 108, 9, 6, 3, 5, 151, 5, 5, 4, 4, 4, 8, 4, 6, 7, 5, 4, 128, 4, 5, 4, 31, 4, 10, 3, 4, 4, 4, 94, 6, 7, 9, 5, 6, 9, 28, 7, 6, 98, 5, 7, 13, 6, 13, 7, 4, 7]
length(C_list) = 20
termination_sub = MathOptInterface.INFEASIBLE
iter = 32
[length(mis) for mis = unique(C_list)] = [9, 6, 4, 10, 4, 4, 6, 4, 3, 4, 5, 5, 7, 8, 64, 7, 250, 4, 5, 5, 5, 6, 4, 17, 4, 7, 47, 4, 8, 5, 4, 6, 6, 8, 262, 7, 5, 3, 3, 10, 254, 4, 184, 5, 7, 7, 4, 7, 5, 12, 7, 5, 4, 10, 4, 6, 4, 5, 5, 4, 4, 7, 8, 6, 204, 9, 5, 5, 5, 6, 8, 8, 7, 224, 5, 4, 98, 5, 4, 3, 5, 6, 5, 4, 5, 10, 4, 6, 6, 4, 77, 4, 10, 4, 4, 6, 12, 22, 6, 8, 6, 6, 10, 4, 6, 6, 4, 35, 4, 7, 6, 5, 10, 4, 4, 12, 5, 5, 4, 8, 5, 9, 8, 7, 19, 7]
length(C_list) = 20
termination_sub = MathOptInterface.INFEASIBLE
iter = 33
[length(mis) for mis = unique(C_list)] = [4, 20, 8, 3, 7, 4, 5, 6, 8, 6, 10, 6, 4, 338, 4, 4, 6, 5, 8, 6, 9, 4, 11, 7, 8, 11, 6, 4, 6, 9, 43, 47, 10, 82, 7, 5, 6, 25, 4, 4, 9, 7, 13, 8, 16, 5, 8, 5, 10, 5, 4, 130, 8, 6, 15, 7, 24, 7, 45, 7, 5, 7, 132, 4, 10, 10, 6, 8, 5, 4, 9, 9, 7, 5, 95, 11, 6, 9, 14, 9, 5, 33, 5, 7, 4, 5, 19, 4, 6, 8, 4, 6, 6, 253, 5, 123, 4, 5, 134, 7, 6, 5, 6, 11, 4, 6, 158, 21, 5, 4, 4, 5, 8, 8, 96, 90, 21, 4, 5, 343, 6, 7, 7, 5]
length(C_list) = 20
termination_sub = MathOptInterface.INFEASIBLE
iter = 34
[length(mis) for mis = unique(C_list)] = [7, 4, 14, 9, 7, 47, 5, 5, 7, 4, 4, 5, 7, 6, 5, 5, 4, 11, 16, 10, 5, 5, 9, 5, 6, 7, 7, 4, 11, 6, 7, 5, 4, 4, 4, 6, 5, 6, 5, 5, 7, 9, 6, 10, 8, 4, 7, 8, 4, 4, 20, 5, 6, 290, 7, 6, 4, 4, 4, 6, 22, 5, 23, 305, 4, 10, 10, 5, 6, 29, 5, 12, 5, 5, 4, 4, 9, 4, 6, 5, 8, 6, 4, 5, 25, 6, 7, 6, 10, 4, 8, 4, 4, 4, 4, 6, 7, 5, 25, 12, 5, 40, 6, 4, 5, 8, 7, 9, 5, 4, 5, 5, 4, 7, 5, 5, 5, 5, 6, 7, 5, 6]
length(C_list) = 20
termination_sub = MathOptInterface.INFEASIBLE
iter = 35
[length(mis) for mis = unique(C_list)] = [10, 10, 8, 9, 9, 8, 9, 4, 12, 4, 10, 8, 5, 9, 6, 4, 8, 7, 10, 4, 5, 5, 156, 4, 5, 7, 6, 7, 4, 193, 7, 4, 12, 118, 8, 9, 18, 6, 4, 9, 7, 8, 6, 84, 15, 10, 8, 6, 5, 8, 15, 193, 8, 4, 5, 5, 6, 5, 6, 4, 8, 37, 8, 6, 6, 9, 6, 4, 7, 9, 9, 4, 7, 13, 344, 4, 8, 31, 10, 9, 6, 6, 4, 7, 144, 33, 9, 6, 9, 9, 50, 45, 9, 15, 9, 7, 8, 8, 4, 8, 8, 6, 13, 6, 8, 5, 7, 9, 7, 7, 7, 3, 6, 7, 8, 59, 12, 6, 4, 4, 4, 6, 4, 4, 7, 6, 5, 8, 4, 7, 11, 11, 12, 8]
length(C_list) = 20
termination_sub = MathOptInterface.INFEASIBLE
iter = 36
[length(mis) for mis = unique(C_list)] = [10, 6, 6, 5, 4, 4, 4, 5, 9, 6, 395, 31, 4, 4, 6, 4, 7, 3, 6, 5, 4, 6, 4, 4, 33, 6, 13, 4, 6, 7, 5, 8, 11, 115, 98, 5, 3, 6, 5, 319, 378, 4, 4, 10, 5, 8, 171, 407, 7, 9, 4, 5, 6, 19, 9, 4, 5, 9, 10, 5, 4, 15, 11, 5, 7, 4, 5, 11, 5, 7, 15, 11, 9, 4, 4, 25, 5, 4, 4, 4, 3, 6, 6, 4, 18, 222, 9, 111, 6, 5, 8, 5, 9, 6, 4, 5, 4, 5, 4, 6, 6, 9, 11, 9, 151, 5, 7, 4, 6, 220, 154, 90, 4, 4, 5, 6, 155, 106, 4, 6, 7, 11, 13, 6, 4, 6, 5, 6]
length(C_list) = 20
termination_sub = MathOptInterface.INFEASIBLE
iter = 37
[length(mis) for mis = unique(C_list)] = [7, 5, 7, 4, 13, 9, 5, 4, 4, 8, 4, 10, 10, 3, 13, 8, 10, 7, 5, 8, 7, 7, 6, 8, 4, 4, 18, 4, 4, 7, 6, 5, 165, 11, 15, 8, 6, 10, 10, 11, 7, 5, 4, 10, 4, 164, 5, 4, 5, 7, 13, 308, 6, 10, 9, 7, 4, 11, 5, 5, 4, 12, 4, 4, 6, 8, 8, 4, 7, 4, 7, 293, 8, 5, 12, 4, 6, 16, 11, 6, 6, 5, 4, 16, 4, 5, 8, 4, 6, 9, 4, 5, 6, 4, 7, 13, 8, 6, 9, 4, 4, 5, 4, 13, 6, 16, 4, 5, 5, 4, 8, 5, 8, 8, 8, 7, 4, 5, 5, 6, 4, 5, 9, 7, 7, 7, 86, 15, 6, 12, 11]
length(C_list) = 20
termination_sub = MathOptInterface.INFEASIBLE
iter = 38
[length(mis) for mis = unique(C_list)] = [4, 7, 6, 5, 9, 7, 4, 4, 5, 6, 10, 15, 5, 4, 5, 6, 6, 4, 5, 4, 156, 100, 7, 8, 8, 6, 202, 10, 4, 18, 210, 10, 59, 4, 6, 202, 5, 14, 6, 8, 8, 8, 4, 5, 10, 8, 5, 6, 63, 4, 51, 4, 5, 7, 94, 8, 5, 11, 4, 8, 9, 6, 263, 4, 13, 72, 8, 9, 8, 4, 6, 29, 438, 424, 60, 6, 8, 9, 8, 8, 7, 8, 21, 10, 8, 18, 32, 7, 7, 8, 7, 8, 10, 8, 7, 4, 5, 10, 45, 10, 5, 5, 9, 4, 6, 7, 9, 11, 7, 138, 9, 8, 7, 10, 7, 7, 8, 9, 7, 6, 10, 4, 4, 8, 7, 52, 10, 5, 6, 10, 7]
length(C_list) = 20
termination_sub = MathOptInterface.INFEASIBLE
iter = 39
[length(mis) for mis = unique(C_list)] = [8, 295, 7, 12, 6, 8, 10, 5, 8, 4, 10, 5, 9, 7, 7, 5, 9, 9, 5, 6, 12, 308, 4, 5, 12, 16, 6, 5, 13, 9, 9, 4, 10, 9, 6, 4, 4, 10, 5, 5, 5, 6, 6, 9, 8, 9, 4, 26, 10, 213, 7, 4, 8, 6, 8, 6, 5, 6, 11, 4, 18, 10, 4, 10, 6, 284, 4, 11, 7, 425, 6, 9, 26, 4, 17, 9, 6, 6, 6, 11, 8, 6, 9, 8, 176, 5, 6, 5, 9, 6, 12, 9, 6, 5, 12, 5, 10, 12, 25, 10, 30, 119, 15, 11, 5, 10, 29, 6, 5, 7, 5, 6, 5, 10, 8, 4, 6, 6, 9, 21, 15, 9, 6, 9, 12, 9, 6]
length(C_list) = 20
termination_sub = MathOptInterface.INFEASIBLE
iter = 40
[length(mis) for mis = unique(C_list)] = [4, 7, 6, 4, 6, 12, 9, 7, 10, 56, 4, 7, 8, 9, 8, 8, 68, 7, 28, 6, 4, 10, 7, 286, 4, 22, 25, 10, 5, 4, 11, 6, 10, 4, 117, 6, 14, 7, 211, 8, 167, 4, 9, 5, 6, 10, 5, 4, 9, 9, 8, 9, 161, 6, 27, 7, 6, 28, 9, 130, 4, 28, 4, 133, 6, 4, 9, 205, 9, 92, 147, 7, 4, 10, 163, 6, 9, 14, 7, 6, 97, 6, 6, 11, 8, 9, 7, 7, 6, 10, 9, 103, 9, 8, 7, 9, 12, 4, 14, 9, 8, 6, 14, 11, 9, 4, 4, 6, 75, 6, 11, 12, 5, 8, 6, 107, 5, 8, 3, 233, 6, 5, 7, 11, 8, 8, 7, 8]
length(C_list) = 20
termination_sub = MathOptInterface.INFEASIBLE
iter = 41
[length(mis) for mis = unique(C_list)] = [4, 6, 8, 7, 6, 12, 9, 8, 9, 4, 9, 326, 4, 7, 4, 5, 6, 216, 4, 20, 15, 5, 6, 3, 4, 5, 4, 10, 8, 9, 4, 10, 14, 45, 4, 7, 152, 6, 404, 10, 6, 5, 4, 9, 4, 258, 8, 7, 10, 15, 5, 6, 16, 5, 7, 6, 6, 11, 18, 4, 9, 5, 7, 8, 5, 4, 6, 21, 242, 49, 8, 16, 20, 7, 9, 4, 9, 4, 356, 4, 4, 5, 5, 8, 4, 5, 5, 5, 212, 4, 7, 6, 7, 8, 8, 6, 4, 11, 9, 200, 4, 9, 5, 8, 4, 7, 8, 4, 7, 13, 5, 7, 6, 6, 6, 4, 5, 4, 11, 7, 4, 8, 7, 14, 4, 9, 4, 6, 9, 6, 6, 4]
length(C_list) = 20
termination_sub = MathOptInterface.INFEASIBLE
iter = 42
[length(mis) for mis = unique(C_list)] = [4, 174, 10, 4, 4, 6, 7, 9, 4, 4, 4, 4, 8, 6, 4, 9, 9, 17, 12, 13, 6, 10, 9, 5, 6, 3, 110, 362, 4, 5, 10, 11, 8, 7, 12, 6, 5, 19, 9, 5, 8, 122, 4, 173, 4, 87, 5, 5, 5, 11, 9, 3, 85, 6, 7, 4, 10, 4, 11, 6, 8, 4, 104, 10, 4, 7, 8, 7, 4, 4, 9, 4, 8, 4, 5, 8, 9, 4, 8, 7, 222, 49, 4, 5, 10, 5, 5, 8, 5, 6, 4, 4, 8, 4, 10, 8, 10, 4, 7, 5, 12, 256, 23, 8, 7, 12, 8, 8, 5, 14, 4, 4, 7, 4, 6, 12, 10, 9, 4, 5, 24, 4, 297, 222, 4, 120, 7, 4, 26, 14, 12, 9, 12, 4]
length(C_list) = 20
termination_sub = MathOptInterface.INFEASIBLE
iter = 43
[length(mis) for mis = unique(C_list)] = [9, 5, 8, 4, 7, 12, 4, 13, 4, 8, 4, 84, 58, 8, 5, 6, 4, 7, 166, 11, 14, 6, 7, 7, 7, 5, 4, 7, 11, 4, 7, 146, 5, 10, 4, 4, 9, 104, 11, 4, 9, 4, 5, 483, 4, 4, 14, 6, 9, 157, 4, 34, 5, 7, 3, 138, 6, 7, 9, 6, 13, 9, 9, 109, 50, 4, 9, 5, 4, 4, 4, 5, 10, 4, 6, 5, 5, 9, 4, 9, 12, 4, 4, 4, 4, 5, 4, 6, 4, 5, 10, 6, 5, 6, 5, 4, 8, 4, 4, 4, 23, 9, 6, 6, 4, 4, 5, 276, 10, 9, 4, 4, 4, 11, 4, 13, 9, 22, 6, 4, 152, 9, 10, 5, 6]
length(C_list) = 20
termination_sub = MathOptInterface.INFEASIBLE
iter = 44
[length(mis) for mis = unique(C_list)] = [9, 5, 4, 15, 203, 6, 14, 15, 4, 6, 11, 67, 4, 4, 6, 3, 10, 5, 4, 5, 8, 13, 8, 194, 8, 3, 233, 10, 4, 9, 6, 10, 11, 4, 6, 8, 6, 8, 11, 5, 6, 10, 7, 71, 11, 7, 67, 52, 5, 11, 4, 6, 12, 5, 10, 4, 6, 4, 17, 4, 9, 4, 9, 4, 6, 154, 4, 4, 6, 4, 5, 45, 15, 117, 4, 8, 5, 7, 8, 4, 4, 5, 6, 6, 4, 9, 5, 6, 8, 9, 5, 5, 53, 4, 9, 6, 6, 4, 6, 4, 4, 4, 15, 4, 4, 12, 4, 7, 10, 4, 4, 4, 4, 7, 4, 9, 7, 5, 10]
length(C_list) = 20
termination_sub = MathOptInterface.INFEASIBLE
iter = 45
[length(mis) for mis = unique(C_list)] = [6, 7, 7, 5, 4, 7, 8, 4, 8, 7, 4, 4, 181, 10, 7, 7, 9, 4, 6, 7, 6, 8, 4, 4, 9, 4, 5, 7, 5, 4, 9, 5, 6, 4, 4, 12, 8, 7, 4, 8, 6, 8, 4, 8, 8, 68, 8, 4, 496, 6, 8, 7, 5, 6, 22, 5, 5, 6, 6, 6, 6, 14, 4, 6, 6, 5, 8, 31, 4, 15, 36, 7, 73, 6, 4, 7, 9, 7, 13, 83, 7, 5, 4, 7, 4, 5, 21, 8, 125, 8, 7, 123, 8, 15, 7, 6, 8, 5, 4, 29, 7, 17, 8, 4, 5, 8, 10, 5, 4, 5, 13, 4, 4, 5, 7, 7, 6, 5, 6, 8, 131, 5, 5, 4, 6, 14, 6, 7, 8]
length(C_list) = 20
termination_sub = MathOptInterface.INFEASIBLE
iter = 46
[length(mis) for mis = unique(C_list)] = [8, 36, 6, 10, 6, 5, 38, 6, 88, 5, 220, 6, 8, 11, 5, 5, 4, 5, 349, 5, 4, 4, 4, 7, 8, 8, 9, 6, 6, 7, 4, 9, 23, 8, 5, 6, 4, 7, 10, 4, 182, 10, 4, 6, 7, 6, 7, 7, 111, 4, 4, 9, 5, 22, 6, 4, 8, 279, 8, 8, 4, 4, 5, 8, 6, 6, 6, 5, 9, 5, 192, 7, 6, 4, 4, 5, 5, 10, 4, 7, 3, 5, 83, 8, 6, 4, 6, 5, 9, 6, 6, 6, 8, 4, 8, 6, 5, 7, 7, 6, 4, 8, 10, 129, 7, 4, 17, 11, 6, 6, 6, 4, 6, 4, 8, 6, 5, 6, 4, 9, 8, 5]
length(C_list) = 20
termination_sub = MathOptInterface.INFEASIBLE
iter = 47
[length(mis) for mis = unique(C_list)] = [8, 13, 10, 4, 6, 4, 5, 17, 8, 8, 8, 10, 11, 11, 14, 209, 5, 8, 4, 295, 4, 4, 9, 6, 5, 79, 7, 4, 6, 190, 5, 9, 9, 4, 11, 7, 7, 7, 8, 9, 9, 9, 79, 262, 8, 8, 8, 10, 11, 9, 7, 5, 5, 11, 10, 9, 6, 89, 6, 12, 4, 9, 6, 9, 9, 5, 4, 14, 7, 7, 5, 11, 39, 10, 4, 9, 3, 7, 94, 9, 6, 8, 7, 7, 247, 8, 8, 273, 7, 9, 10, 7, 136, 9, 7, 9, 10, 9, 5, 8, 11, 7, 5, 4, 4, 6, 14, 4, 9, 7, 10, 6, 10, 10, 7, 280, 9, 6, 7, 10, 8, 7, 10, 398, 6, 4, 12, 9, 4, 6, 8, 10, 7, 10, 11]
length(C_list) = 20
termination_sub = MathOptInterface.INFEASIBLE
iter = 48
[length(mis) for mis = unique(C_list)] = [9, 111, 8, 6, 5, 4, 9, 9, 8, 5, 7, 7, 5, 6, 9, 9, 9, 4, 11, 7, 54, 10, 90, 7, 4, 12, 4, 7, 4, 8, 11, 8, 9, 4, 8, 7, 4, 16, 272, 4, 7, 6, 4, 9, 9, 5, 7, 8, 5, 21, 8, 5, 6, 43, 9, 10, 6, 4, 4, 130, 7, 12, 5, 12, 5, 4, 31, 7, 17, 105, 18, 9, 8, 4, 275, 9, 5, 5, 5, 56, 9, 5, 171, 7, 11, 4, 4, 4, 4, 9, 34, 11, 7, 272, 326, 5, 4, 4, 4, 50, 10, 10, 4, 6, 10, 59, 558, 5, 7, 7, 5, 4, 7, 6, 4, 6, 210, 7, 4, 5, 6, 9, 10, 12, 14, 13, 4]
length(C_list) = 20
termination_sub = MathOptInterface.INFEASIBLE
iter = 49
[length(mis) for mis = unique(C_list)] = [4, 6, 14, 6, 10, 6, 4, 4, 7, 7, 12, 4, 6, 7, 10, 6, 4, 8, 6, 8, 9, 10, 7, 4, 180, 6, 83, 4, 42, 5, 4, 4, 6, 4, 9, 6, 16, 4, 282, 7, 6, 4, 5, 14, 12, 7, 4, 7, 127, 11, 5, 5, 4, 9, 7, 7, 15, 4, 4, 13, 4, 6, 4, 12, 6, 22, 8, 4, 11, 6, 377, 8, 6, 5, 8, 4, 4, 329, 12, 5, 5, 17, 7, 13, 6, 6, 7, 3, 7, 7, 57, 59, 277, 358, 4, 3, 4, 7, 8, 8, 4, 16, 7, 8, 6, 124, 4, 8, 4, 5, 13, 11, 5, 14, 9, 5, 6, 278, 7, 6, 7, 6, 8, 5, 7, 9, 4, 8]
length(C_list) = 20
termination_sub = MathOptInterface.INFEASIBLE
iter = 50
[length(mis) for mis = unique(C_list)] = [4, 4, 6, 10, 4, 7, 4, 4, 6, 4, 4, 4, 13, 4, 4, 4, 4, 5, 4, 5, 6, 4, 279, 6, 4, 10, 4, 8, 12, 3, 4, 7, 8, 4, 6, 4, 8, 46, 236, 4, 4, 12, 4, 6, 8, 5, 5, 5, 10, 6, 5, 12, 8, 9, 6, 4, 4, 4, 7, 4, 7, 6, 4, 4, 5, 4, 8, 4, 6, 7, 5, 4, 5, 6, 39, 6, 37, 4, 5, 4, 10, 46, 5, 5, 5, 14, 5, 4, 5, 4, 15, 4, 6, 4, 9, 5, 5, 6, 11, 66, 6, 5, 4, 246, 4, 7, 4, 21, 5, 8, 131, 8, 8, 30, 262, 6, 4, 9, 4, 9, 3, 29, 4, 4, 7, 7, 7, 6]
length(C_list) = 20
termination_sub = MathOptInterface.INFEASIBLE
iter = 51
[length(mis) for mis = unique(C_list)] = [6, 4, 13, 3, 9, 6, 7, 4, 7, 6, 4, 14, 7, 7, 7, 3, 5, 6, 10, 6, 11, 12, 7, 6, 8, 7, 7, 7, 6, 5, 6, 4, 4, 6, 8, 8, 19, 4, 5, 4, 10, 4, 29, 6, 8, 7, 5, 26, 4, 4, 8, 12, 7, 6, 4, 9, 9, 6, 9, 15, 4, 9, 8, 7, 11, 7, 7, 4, 6, 6, 6, 4, 13, 96, 8, 4, 5, 5, 9, 4, 10, 6, 5, 37, 13, 4, 5, 5, 9, 8, 11, 5, 10, 4, 23, 4, 6, 10, 11, 8, 4, 5, 4, 5, 6, 32, 10, 6, 15, 79, 9, 7, 6, 9]
length(C_list) = 20
termination_sub = MathOptInterface.INFEASIBLE
iter = 52
[length(mis) for mis = unique(C_list)] = [5, 6, 7, 7, 8, 5, 7, 7, 8, 4, 4, 269, 9, 7, 7, 6, 6, 7, 5, 7, 6, 7, 7, 7, 6, 363, 6, 11, 6, 8, 260, 8, 8, 8, 8, 7, 11, 4, 6, 4, 48, 4, 4, 7, 6, 6, 7, 8, 6, 7, 7, 268, 4, 8, 8, 5, 19, 5, 7, 94, 8, 111, 274, 14, 6, 5, 15, 7, 4, 4, 4, 9, 6, 5, 4, 8, 6, 7, 7, 33, 7, 6, 7, 9, 9, 8, 7, 5, 7, 4, 9, 7, 9, 6, 7, 9, 12, 6, 5, 6, 10, 10, 6, 7, 14, 205, 222, 6, 7, 6, 6, 70, 13, 7, 5, 26, 4, 4, 4, 6, 4, 4, 7, 7, 6, 90, 4, 9, 10, 10, 6]
length(C_list) = 20
termination_sub = MathOptInterface.INFEASIBLE
iter = 53
[length(mis) for mis = unique(C_list)] = [4, 7, 4, 8, 6, 4, 10, 4, 4, 4, 6, 6, 7, 4, 9, 5, 118, 4, 4, 8, 4, 10, 6, 7, 8, 11, 12, 5, 10, 10, 7, 6, 4, 8, 6, 6, 7, 8, 355, 7, 6, 6, 136, 8, 4, 10, 6, 179, 12, 9, 207, 6, 8, 4, 14, 8, 6, 465, 4, 4, 8, 6, 7, 13, 4, 4, 12, 6, 13, 210, 8, 8, 4, 12, 4, 176, 8, 13, 109, 7, 4, 4, 6, 56, 6, 157, 9, 35, 7, 7, 5, 79, 264, 8, 35, 10, 228, 5, 21, 158, 4, 8, 7, 4, 8, 11, 7, 8, 6, 13, 6, 4, 439, 6, 12, 7, 4, 6, 74, 6, 7, 5, 6, 15, 7, 6, 16, 4, 6, 9]
length(C_list) = 20
termination_sub = MathOptInterface.INFEASIBLE
iter = 54
[length(mis) for mis = unique(C_list)] = [4, 32, 4, 10, 4, 3, 8, 4, 4, 4, 6, 73, 6, 12, 4, 11, 9, 9, 167, 448, 10, 12, 8, 10, 148, 5, 8, 4, 10, 6, 7, 10, 6, 4, 10, 8, 13, 4, 10, 4, 113, 8, 9, 4, 8, 6, 8, 12, 4, 9, 5, 15, 8, 7, 10, 10, 4, 8, 10, 10, 6, 4, 4, 6, 4, 26, 8, 7, 8, 6, 9, 6, 10, 7, 4, 6, 4, 4, 4, 9, 8, 9, 9, 8, 8, 406, 6, 8, 8, 8, 8, 10, 9, 4, 9, 7, 8, 11, 4, 7, 21, 9, 27, 6, 6, 9, 4, 10, 8, 9, 8, 8, 6, 6, 6, 8, 9, 9, 8, 8, 8, 7, 12, 8, 15, 7, 4, 10, 10, 6, 8]
length(C_list) = 20
termination_sub = MathOptInterface.INFEASIBLE
iter = 55
[length(mis) for mis = unique(C_list)] = [6, 6, 6, 6, 5, 4, 4, 10, 17, 8, 4, 4, 6, 5, 11, 7, 6, 10, 5, 7, 7, 4, 4, 4, 6, 7, 4, 4, 6, 6, 5, 6, 6, 9, 10, 4, 6, 4, 4, 4, 11, 5, 5, 11, 163, 4, 4, 122, 20, 8, 7, 6, 9, 6, 10, 4, 11, 4, 6, 6, 9, 4, 7, 23, 6, 285, 4, 6, 7, 4, 24, 6, 11, 12, 5, 20, 9, 16, 6, 10, 5, 6, 5, 69, 5, 4, 8, 11, 262, 5, 5, 4, 8, 4, 10, 13, 5, 8, 7, 4, 6, 5, 15, 11, 6, 13, 11, 11, 44, 6, 4, 6, 6, 10, 9, 9, 4, 59, 6, 4, 4, 8, 8, 8, 6, 9, 5, 4, 6, 13, 10, 4]
length(C_list) = 20
termination_sub = MathOptInterface.INFEASIBLE
iter = 56
[length(mis) for mis = unique(C_list)] = [6, 7, 6, 5, 6, 9, 6, 9, 8, 3, 8, 4, 5, 6, 6, 6, 7, 5, 5, 7, 8, 8, 8, 10, 46, 6, 7, 13, 4, 7, 11, 7, 9, 7, 6, 8, 17, 9, 14, 227, 102, 5, 11, 8, 8, 8, 9, 5, 7, 77, 9, 4, 8, 4, 8, 7, 4, 4, 7, 4, 8, 6, 8, 278, 16, 4, 4, 9, 10, 6, 7, 5, 6, 6, 5, 5, 26, 9, 9, 9, 11, 5, 76, 5, 6, 8, 10, 10, 5, 6, 13, 6, 8, 9, 8, 10, 8, 4, 9, 6, 8, 11, 169, 12, 10, 4, 4, 6, 9, 13, 9, 7, 149, 9, 7, 10, 5, 9, 7, 7, 10, 6, 4, 7, 18, 45, 6, 11, 11, 4]
length(C_list) = 20
termination_sub = MathOptInterface.INFEASIBLE
iter = 57
[length(mis) for mis = unique(C_list)] = [4, 23, 6, 4, 4, 6, 8, 11, 4, 6, 18, 7, 6, 4, 7, 5, 5, 5, 4, 6, 8, 4, 8, 5, 6, 4, 8, 5, 6, 4, 10, 9, 8, 6, 4, 15, 5, 4, 7, 4, 8, 5, 11, 428, 7, 5, 8, 12, 151, 9, 7, 6, 9, 4, 97, 230, 4, 4, 18, 12, 6, 23, 4, 7, 8, 6, 6, 5, 7, 4, 6, 6, 6, 4, 43, 4, 5, 4, 6, 4, 4, 4, 4, 4, 6, 6, 4, 10, 6, 5, 4, 9, 4, 54, 4, 133, 43, 36, 5, 8, 5, 5, 68, 8, 7, 5, 167, 4, 8, 5, 4, 6, 17, 6, 5, 5, 245, 5, 7, 4, 233, 10, 7]
length(C_list) = 20
termination_sub = MathOptInterface.INFEASIBLE
iter = 58
[length(mis) for mis = unique(C_list)] = [6, 8, 6, 4, 6, 10, 8, 6, 4, 6, 12, 4, 4, 7, 10, 4, 9, 9, 7, 7, 12, 10, 7, 5, 4, 10, 6, 7, 10, 4, 5, 7, 8, 4, 6, 10, 8, 10, 4, 176, 155, 6, 10, 5, 5, 5, 8, 5, 349, 8, 5, 4, 9, 5, 10, 5, 5, 4, 9, 4, 7, 4, 20, 9, 8, 6, 5, 4, 4, 5, 5, 4, 4, 8, 5, 4, 6, 41, 5, 4, 4, 4, 4, 5, 6, 6, 34, 8, 4, 19, 171, 186, 4, 5, 4, 10, 6, 9, 6, 52, 9, 9, 15, 258, 8, 4, 6, 5, 4, 150, 5, 4, 7, 4, 4, 22, 5, 6, 14, 7, 4, 6, 7]
length(C_list) = 20
termination_sub = MathOptInterface.INFEASIBLE
iter = 59
[length(mis) for mis = unique(C_list)] = [4, 7, 6, 4, 4, 5, 6, 6, 7, 4, 5, 6, 9, 6, 12, 7, 9, 7, 8, 31, 204, 7, 6, 4, 4, 7, 117, 391, 9, 6, 10, 7, 8, 7, 4, 6, 15, 5, 9, 10, 4, 4, 5, 6, 24, 8, 6, 5, 9, 7, 5, 6, 6, 40, 4, 8, 6, 5, 6, 4, 8, 5, 8, 7, 4, 8, 4, 10, 5, 6, 8, 8, 10, 6, 4, 4, 4, 4, 236, 5, 5, 4, 4, 5, 4, 497, 5, 4, 7, 4, 6, 4, 7, 4, 251, 7, 5, 4, 9, 8, 5, 4, 30, 6, 6, 8, 23, 4, 6, 4, 5, 9, 10, 3, 50, 15, 53, 26, 7, 6, 4, 7, 8, 4, 13]
length(C_list) = 20
termination_sub = MathOptInterface.INFEASIBLE
iter = 60
[length(mis) for mis = unique(C_list)] = [6, 11, 4, 4, 4, 6, 4, 6, 284, 9, 4, 13, 11, 5, 4, 6, 6, 4, 12, 13, 12, 11, 9, 79, 6, 10, 4, 14, 8, 10, 9, 9, 13, 10, 8, 8, 4, 13, 9, 11, 11, 11, 7, 18, 11, 12, 4, 6, 13, 12, 4, 7, 4, 11, 13, 6, 10, 20, 6, 10, 58, 12, 4, 6, 8, 26, 6, 10, 4, 7, 14, 8, 12, 10, 12, 6, 17, 4, 5, 10, 26, 10, 11, 12, 171, 15, 25, 13, 15, 10, 15, 10, 13, 11, 7, 13, 11, 10, 7, 4, 220, 8, 13, 7, 5, 9, 8, 11, 5, 7, 29, 131, 100, 8, 8, 12, 4, 10, 10, 12, 10, 10, 10, 13, 11, 13, 12, 11, 4, 6, 92, 7, 6]
length(C_list) = 20
termination_sub = MathOptInterface.INFEASIBLE
iter = 61
[length(mis) for mis = unique(C_list)] = [6, 6, 4, 8, 7, 8, 6, 8, 5, 12, 6, 7, 5, 3, 7, 6, 6, 6, 4, 9, 9, 6, 4, 5, 6, 8, 9, 8, 7, 5, 292, 9, 15, 7, 9, 174, 5, 4, 7, 4, 4, 5, 4, 6, 4, 7, 6, 6, 4, 36, 4, 7, 6, 7, 7, 8, 4, 48, 7, 4, 4, 4, 8, 7, 6, 6, 7, 7, 7, 6, 6, 4, 7, 4, 6, 5, 4, 5, 5, 6, 6, 219, 4, 5, 6, 4, 9, 4, 6, 4, 6, 6, 4, 4, 9, 4, 7, 9, 10, 23, 6, 5, 9, 4, 365, 10, 4, 7, 6, 6, 107, 4, 5, 5, 6, 4, 4, 5, 109, 6, 4, 8, 5, 4, 6, 7, 128, 9, 29]
length(C_list) = 20
termination_sub = MathOptInterface.INFEASIBLE
iter = 62
[length(mis) for mis = unique(C_list)] = [10, 7, 6, 4, 4, 8, 7, 6, 11, 6, 8, 6, 6, 5, 8, 11, 14, 8, 7, 7, 4, 7, 8, 7, 4, 7, 4, 12, 8, 5, 13, 4, 10, 4, 13, 7, 6, 8, 32, 9, 6, 6, 6, 4, 25, 6, 11, 189, 8, 6, 7, 4, 11, 9, 7, 8, 6, 6, 7, 4, 8, 4, 34, 11, 8, 4, 10, 7, 7, 4, 9, 4, 8, 8, 7, 9, 4, 16, 6, 18, 7, 7, 6, 7, 7, 9, 9, 6, 6, 6, 7, 6, 8, 7, 11, 8, 222, 7, 13, 4, 13, 14, 10, 4, 10, 18, 27, 6, 284, 6, 5, 16, 7, 10, 4, 67, 47, 7, 220, 13, 166, 212, 7, 11, 17, 11, 4, 10, 11, 4]
length(C_list) = 20
termination_sub = MathOptInterface.INFEASIBLE
iter = 63
[length(mis) for mis = unique(C_list)] = [4, 7, 5, 7, 12, 7, 9, 13, 11, 7, 340, 8, 9, 144, 11, 11, 39, 7, 9, 8, 7, 4, 7, 9, 9, 7, 10, 13, 6, 125, 6, 7, 8, 8, 6, 7, 4, 6, 14, 9, 19, 5, 5, 8, 8, 8, 10, 6, 4, 10, 37, 11, 6, 4, 8, 6, 4, 11, 7, 9, 8, 9, 9, 4, 5, 5, 8, 6, 14, 8, 286, 7, 7, 6, 7, 6, 56, 7, 6, 6, 6, 331, 208, 158, 10, 11, 6, 6, 5, 4, 5, 8, 6, 8, 7, 7, 8, 10, 7, 9, 6, 5, 9, 6, 6, 6, 6, 6, 6, 6, 7, 7, 7, 9, 10, 10]
length(C_list) = 20
termination_sub = MathOptInterface.INFEASIBLE
iter = 64
[length(mis) for mis = unique(C_list)] = [4, 88, 56, 5, 4, 14, 4, 4, 9, 6, 82, 8, 5, 8, 55, 4, 4, 4, 11, 39, 11, 4, 4, 7, 4, 7, 12, 7, 5, 7, 5, 9, 7, 138, 4, 10, 5, 8, 9, 259, 6, 5, 8, 14, 5, 6, 4, 7, 6, 8, 5, 7, 4, 10, 18, 7, 12, 6, 9, 4, 10, 8, 9, 58, 7, 4, 8, 12, 12, 4, 10, 13, 8, 6, 8, 7, 8, 12, 13, 225, 10, 5, 19, 146, 9, 4, 4, 6, 5, 7, 129, 5, 8, 5, 5, 9, 7, 159, 9, 6, 4, 4, 5, 4, 4, 5, 5, 21, 148, 13, 4, 4, 7, 269, 150, 149, 4, 14, 9, 8, 5, 10, 7, 4, 9, 12, 398, 6, 80, 11, 12, 10]
length(C_list) = 20
termination_sub = MathOptInterface.INFEASIBLE
iter = 65
[length(mis) for mis = unique(C_list)] = [3, 7, 5, 4, 8, 4, 6, 5, 5, 9, 9, 3, 10, 31, 8, 4, 6, 8, 5, 164, 4, 8, 8, 4, 4, 7, 6, 9, 10, 7, 4, 10, 8, 12, 10, 4, 6, 6, 10, 11, 5, 7, 6, 7, 9, 6, 4, 6, 4, 5, 8, 9, 8, 7, 8, 8, 8, 6, 4, 5, 8, 7, 4, 8, 48, 7, 143, 4, 4, 4, 6, 9, 23, 85, 195, 6, 7, 6, 5, 10, 15, 6, 7, 4, 7, 7, 12, 5, 6, 7, 7, 7, 10, 153, 6, 4, 7, 6, 9, 5, 11, 12, 11, 8, 288, 11, 9, 24, 6, 8, 28, 7, 4, 9, 9, 216, 39, 187, 8, 8, 86, 10, 194, 10, 4, 4, 42, 4]
length(C_list) = 20
termination_sub = MathOptInterface.INFEASIBLE
iter = 66
[length(mis) for mis = unique(C_list)] = [7, 121, 7, 8, 5, 4, 8, 5, 53, 7, 331, 8, 7, 11, 8, 5, 4, 7, 16, 9, 5, 8, 16, 5, 12, 8, 8, 10, 3, 7, 4, 8, 4, 11, 9, 5, 15, 7, 4, 10, 5, 9, 5, 9, 12, 7, 7, 11, 8, 8, 8, 9, 5, 5, 6, 8, 4, 159, 8, 4, 33, 4, 4, 14, 5, 9, 4, 9, 22, 5, 317, 13, 8, 7, 9, 9, 5, 9, 10, 153, 11, 6, 11, 22, 9, 15, 75, 5, 36, 63, 9, 9, 129, 6, 25, 86, 9, 9, 4, 8, 8, 9, 6, 8, 7, 6, 6, 160, 7, 29, 5, 7, 21, 4, 12, 8, 9, 8, 8, 10, 9, 8, 7, 8, 4, 11, 4, 14, 8, 5, 8]
length(C_list) = 20
termination_sub = MathOptInterface.INFEASIBLE
iter = 67
[length(mis) for mis = unique(C_list)] = [4, 5, 4, 8, 4, 9, 3, 8, 4, 9, 5, 4, 16, 4, 8, 4, 8, 7, 8, 15, 4, 8, 6, 4, 6, 4, 9, 284, 10, 8, 10, 6, 9, 4, 6, 6, 10, 63, 6, 4, 4, 4, 175, 4, 9, 5, 6, 4, 8, 9, 9, 6, 10, 6, 5, 4, 9, 10, 6, 6, 8, 4, 6, 4, 4, 4, 7, 9, 4, 9, 8, 23, 4, 8, 4, 9, 5, 9, 8, 4, 4, 13, 5, 129, 5, 4, 4, 5, 4, 6, 52, 6, 5, 4, 175, 17, 209, 10, 6, 9, 10, 5, 8, 4, 6, 6, 11, 152, 55, 6, 6, 4, 5, 10, 4, 6, 4, 35, 5, 7, 4, 58, 8, 6, 8, 10, 6, 4]
length(C_list) = 20
termination_sub = MathOptInterface.INFEASIBLE
iter = 68
[length(mis) for mis = unique(C_list)] = [4, 4, 7, 5, 9, 6, 6, 9, 65, 12, 6, 9, 4, 9, 8, 8, 6, 8, 6, 4, 391, 4, 5, 6, 6, 36, 9, 5, 4, 7, 8, 7, 6, 17, 7, 29, 7, 56, 8, 7, 16, 4, 53, 4, 69, 4, 6, 7, 22, 183, 6, 8, 9, 96, 19, 4, 14, 4, 7, 11, 4, 4, 5, 11, 5, 8, 19, 4, 5, 9, 25, 12, 8, 12, 231, 4, 10, 10, 10, 4, 5, 5, 4, 7, 4, 11, 4, 5, 11, 5, 9, 10, 6, 4, 4, 4, 6, 4, 7, 10, 10, 9, 6, 12, 5, 4, 15, 5, 11, 4, 7, 8, 24, 10, 11, 11, 28, 4, 10, 14, 4, 4, 6, 10, 11, 7]
length(C_list) = 20
termination_sub = MathOptInterface.INFEASIBLE
iter = 69
[length(mis) for mis = unique(C_list)] = [8, 4, 5, 4, 4, 6, 4, 4, 6, 8, 9, 9, 9, 5, 7, 4, 7, 4, 4, 14, 4, 9, 6, 4, 34, 85, 28, 4, 7, 217, 4, 10, 4, 6, 16, 5, 5, 6, 120, 7, 5, 6, 8, 5, 171, 7, 7, 8, 7, 9, 5, 8, 36, 8, 10, 6, 4, 11, 5, 4, 10, 7, 5, 8, 4, 4, 9, 10, 33, 13, 10, 5, 4, 8, 4, 6, 8, 7, 7, 7, 6, 4, 9, 9, 8, 7, 9, 7, 351, 8, 6, 6, 6, 8, 7, 7, 8, 11, 9, 10, 4, 9, 9, 44, 7, 200, 8, 4, 5, 8, 10, 8, 5, 7, 4, 4, 11, 29, 27, 6, 77, 7, 9, 8, 4, 6, 15, 4]
length(C_list) = 20
termination_sub = MathOptInterface.INFEASIBLE
iter = 70
[length(mis) for mis = unique(C_list)] = [3, 9, 10, 15, 7, 4, 4, 8, 4, 10, 6, 5, 7, 7, 158, 10, 10, 5, 12, 7, 373, 10, 10, 7, 4, 6, 4, 72, 279, 15, 7, 11, 22, 10, 4, 66, 7, 39, 4, 8, 9, 6, 4, 7, 7, 8, 6, 8, 27, 9, 125, 8, 4, 8, 4, 9, 8, 4, 4, 4, 8, 7, 38, 6, 11, 10, 5, 8, 10, 7, 7, 4, 4, 6, 4, 7, 7, 6, 12, 199, 11, 7, 6, 5, 213, 7, 7, 4, 9, 7, 6, 6, 7, 4, 245, 4, 7, 6, 11, 6, 15, 31, 6, 27, 7, 6, 7, 9, 9, 4, 5, 6, 8, 5, 7, 9, 8, 7, 8, 8, 7, 8, 6, 12, 46, 15, 16, 5]
length(C_list) = 20
termination_sub = MathOptInterface.INFEASIBLE
iter = 71
[length(mis) for mis = unique(C_list)] = [4, 4, 6, 4, 4, 6, 9, 7, 10, 4, 11, 4, 6, 12, 4, 4, 7, 4, 7, 6, 9, 12, 10, 17, 4, 132, 12, 7, 12, 9, 259, 5, 9, 4, 4, 6, 4, 5, 4, 24, 4, 4, 6, 14, 13, 5, 35, 7, 4, 11, 11, 14, 5, 8, 4, 48, 4, 10, 238, 6, 5, 10, 14, 13, 8, 6, 4, 170, 38, 9, 4, 6, 10, 5, 7, 35, 4, 5, 39, 4, 5, 15, 4, 4, 6, 4, 5, 7, 4, 24, 19, 5, 4, 27, 4, 57, 4, 12, 8, 23, 4, 11, 31, 5, 4, 22, 12, 12, 7, 5, 10, 12, 190, 4, 4, 21, 9, 6]
length(C_list) = 20
termination_sub = MathOptInterface.INFEASIBLE
iter = 72
[length(mis) for mis = unique(C_list)] = [6, 41, 5, 6, 5, 6, 4, 4, 8, 8, 4, 6, 335, 6, 10, 6, 5, 6, 134, 124, 9, 12, 6, 5, 11, 6, 6, 12, 12, 130, 5, 50, 9, 8, 7, 15, 3, 8, 4, 6, 6, 5, 5, 7, 5, 8, 4, 76, 10, 5, 159, 3, 5, 6, 28, 12, 5, 8, 8, 4, 26, 6, 4, 4, 38, 4, 8, 4, 6, 10, 5, 6, 12, 8, 4, 5, 9, 4, 88, 6, 5, 17, 20, 16, 7, 15, 15, 7, 6, 6, 7, 5, 6, 6, 6, 164, 8, 30, 7, 7, 6, 9, 4, 4, 7, 108, 10, 7, 6, 195, 6, 7, 3, 6, 6, 6, 6, 5, 9, 58, 6, 51, 15, 7, 7, 5, 205, 7, 8, 5, 10, 12, 4]
length(C_list) = 20
termination_sub = MathOptInterface.INFEASIBLE
iter = 73
[length(mis) for mis = unique(C_list)] = [4, 5, 4, 5, 4, 4, 6, 4, 4, 20, 5, 4, 6, 6, 4, 4, 6, 24, 5, 9, 4, 82, 9, 6, 4, 4, 4, 30, 7, 8, 7, 6, 10, 6, 4, 6, 6, 7, 11, 4, 5, 143, 8, 4, 24, 4, 5, 8, 4, 6, 4, 10, 7, 6, 3, 5, 4, 11, 5, 6, 4, 4, 4, 4, 8, 4, 8, 9, 6, 23, 9, 7, 4, 4, 8, 5, 22, 5, 4, 4, 5, 4, 5, 4, 5, 4, 4, 4, 5, 28, 14, 5, 6, 7, 5, 5, 10, 8, 6, 4, 7, 16, 4, 5, 6, 5, 10, 53, 7, 7, 4, 4, 7, 9, 4, 6, 4, 32, 4, 7, 10, 11, 4, 10, 10, 10]
length(C_list) = 20
termination_sub = MathOptInterface.INFEASIBLE
iter = 74
[length(mis) for mis = unique(C_list)] = [12, 165, 8, 6, 8, 13, 6, 466, 8, 6, 219, 26, 6, 8, 9, 8, 194, 7, 5, 5, 6, 5, 5, 4, 6, 9, 8, 6, 6, 6, 8, 6, 9, 9, 9, 18, 8, 172, 5, 21, 6, 21, 6, 12, 4, 11, 8, 11, 8, 27, 4, 5, 5, 7, 6, 6, 52, 6, 6, 14, 9, 9, 8, 6, 12, 4, 4, 5, 4, 5, 6, 7, 7, 69, 6, 8, 8, 7, 258, 10, 230, 5, 8, 90, 6, 7, 7, 7, 7, 6, 7, 6, 6, 7, 72, 24, 7, 9, 7, 7, 8, 6, 7, 9, 4, 6, 8, 8, 8, 11, 12, 7, 6, 23, 9, 157, 7, 23, 11, 5, 6, 6, 6, 6, 8, 6, 7, 9, 33, 5, 5, 8, 9, 10, 7]
length(C_list) = 20
termination_sub = MathOptInterface.INFEASIBLE
iter = 75
[length(mis) for mis = unique(C_list)] = [9, 5, 10, 10, 7, 7, 5, 4, 8, 3, 4, 14, 4, 8, 8, 4, 9, 9, 5, 4, 10, 5, 12, 6, 224, 9, 12, 6, 9, 5, 6, 12, 4, 6, 5, 5, 11, 4, 8, 7, 6, 4, 9, 5, 10, 11, 6, 370, 16, 4, 10, 9, 8, 156, 51, 6, 10, 7, 8, 7, 4, 58, 6, 22, 4, 10, 11, 15, 9, 4, 5, 6, 4, 6, 4, 5, 4, 4, 4, 8, 10, 7, 6, 8, 6, 8, 4, 5, 11, 94, 13, 8, 4, 18, 6, 6, 5, 4, 10, 25, 4, 5, 4, 4, 11, 5, 6, 7, 14, 3, 4, 5, 10, 9, 9, 10, 9]
length(C_list) = 20
termination_sub = MathOptInterface.INFEASIBLE
iter = 76
[length(mis) for mis = unique(C_list)] = [4, 10, 6, 10, 4, 26, 4, 4, 4, 12, 6, 306, 8, 3, 4, 8, 5, 4, 9, 4, 7, 17, 4, 8, 6, 6, 8, 11, 4, 9, 14, 4, 7, 10, 8, 16, 7, 7, 7, 9, 4, 4, 8, 4, 4, 9, 8, 7, 5, 8, 4, 7, 10, 6, 12, 8, 37, 8, 6, 6, 10, 8, 6, 10, 4, 334, 7, 9, 4, 8, 8, 101, 4, 7, 4, 8, 4, 7, 6, 31, 9, 4, 8, 8, 4, 10, 79, 7, 7, 4, 4, 6, 5, 8, 17, 5, 5, 6, 3, 21, 4, 6, 7, 5, 6, 240, 6, 5, 11, 11, 8, 6, 4, 9, 7, 11, 7, 7, 6, 5, 164, 11, 6, 4, 11, 9, 14, 4, 8]
length(C_list) = 20
termination_sub = MathOptInterface.INFEASIBLE
iter = 77
[length(mis) for mis = unique(C_list)] = [10, 7, 4, 4, 6, 4, 5, 4, 20, 54, 9, 12, 4, 4, 4, 12, 6, 8, 55, 25, 9, 6, 168, 7, 7, 12, 221, 3, 34, 9, 8, 10, 8, 6, 6, 6, 8, 8, 7, 43, 18, 9, 6, 6, 78, 9, 10, 5, 8, 18, 4, 5, 6, 4, 6, 4, 5, 9, 11, 8, 10, 4, 5, 5, 6, 10, 7, 8, 17, 11, 5, 5, 5, 5, 40, 289, 9, 13, 9, 5, 8, 7, 8, 6, 7, 9, 4, 8, 9, 11, 8, 9, 9, 52, 4, 5, 4, 8, 9, 7, 6, 4, 170, 9, 9, 4, 8, 8, 12, 5, 6, 5, 14, 8, 7, 6, 5, 8, 10, 6, 153, 10, 11, 5, 6]
length(C_list) = 20
termination_sub = MathOptInterface.INFEASIBLE
iter = 78
[length(mis) for mis = unique(C_list)] = [6, 6, 4, 6, 8, 4, 4, 8, 7, 4, 357, 151, 12, 7, 10, 5, 14, 285, 7, 7, 5, 6, 9, 259, 5, 22, 5, 8, 5, 9, 6, 10, 10, 7, 7, 6, 8, 4, 12, 7, 162, 7, 7, 7, 7, 8, 6, 6, 340, 12, 14, 6, 8, 8, 9, 259, 8, 6, 8, 8, 4, 8, 6, 6, 7, 8, 7, 8, 13, 10, 8, 13, 10, 79, 4, 9, 6, 6, 92, 194, 6, 7, 6, 7, 6, 12, 14, 6, 8, 14, 6, 7, 7, 7, 6, 5, 4, 5, 6, 7, 27, 7, 11, 7, 4, 7, 7, 6, 7, 6, 15, 13, 11, 5, 6, 6, 6, 8, 4, 7, 192, 7, 7, 6, 5, 5, 10, 8, 6, 6]
length(C_list) = 20
termination_sub = MathOptInterface.INFEASIBLE
iter = 79
[length(mis) for mis = unique(C_list)] = [8, 10, 3, 6, 12, 6, 4, 5, 9, 4, 5, 8, 8, 8, 4, 6, 11, 5, 173, 299, 7, 8, 4, 6, 159, 5, 8, 4, 5, 6, 10, 25, 6, 59, 5, 10, 7, 4, 12, 9, 181, 9, 7, 11, 5, 166, 10, 10, 9, 9, 111, 7, 27, 4, 7, 8, 4, 10, 5, 6, 4, 10, 10, 28, 4, 51, 6, 6, 35, 6, 8, 275, 6, 6, 118, 12, 10, 11, 9, 9, 67, 213, 4, 8, 5, 8, 15, 4, 4, 9, 22, 6, 8, 8, 8, 8, 8, 7, 4, 9, 9, 9, 8, 4, 9, 5, 10, 10, 11, 5, 566, 172, 13, 10, 4, 11, 12, 9, 10, 10, 11, 4, 4, 8, 4, 8, 4, 10, 10, 9, 8, 12, 118, 9, 20, 10, 9]
length(C_list) = 20
termination_sub = MathOptInterface.INFEASIBLE
iter = 80
[length(mis) for mis = unique(C_list)] = [4, 6, 5, 5, 6, 5, 3, 7, 4, 6, 4, 9, 10, 6, 11, 8, 9, 5, 7, 15, 11, 7, 4, 4, 8, 6, 5, 7, 8, 7, 5, 5, 4, 8, 7, 8, 9, 9, 5, 150, 6, 132, 283, 6, 185, 3, 5, 8, 6, 5, 7, 6, 8, 5, 72, 31, 7, 14, 8, 10, 8, 9, 5, 6, 6, 5, 5, 45, 7, 7, 4, 11, 5, 4, 24, 9, 4, 4, 9, 6, 6, 12, 18, 4, 10, 8, 8, 8, 8, 24, 5, 15, 9, 4, 4, 9, 8, 4, 5, 8, 4, 4, 7, 4, 4, 6, 6, 8, 191, 11, 7, 6, 38, 65, 12, 5, 78, 5, 4, 8, 6]
length(C_list) = 20
termination_sub = MathOptInterface.INFEASIBLE
iter = 81
[length(mis) for mis = unique(C_list)] = [4, 5, 4, 4, 3, 5, 4, 7, 8, 4, 5, 5, 4, 107, 6, 7, 7, 7, 5, 6, 7, 7, 5, 4, 5, 7, 4, 29, 4, 4, 9, 9, 7, 9, 6, 6, 20, 5, 4, 6, 12, 5, 4, 4, 6, 21, 4, 6, 9, 4, 7, 8, 10, 7, 4, 6, 132, 4, 4, 70, 10, 18, 10, 4, 6, 5, 9, 4, 9, 3, 15, 4, 6, 13, 5, 6, 8, 6, 5, 8, 115, 6, 5, 9, 6, 4, 5, 4, 5, 9, 206, 9, 7, 10, 4, 6, 4, 10, 12, 6, 10, 6, 9, 11, 7, 4, 6, 6, 7, 6, 12, 6, 5, 7, 16, 9, 9, 4, 6]
length(C_list) = 20
termination_sub = MathOptInterface.INFEASIBLE
iter = 82
[length(mis) for mis = unique(C_list)] = [4, 230, 4, 5, 4, 5, 4, 4, 13, 6, 4, 17, 4, 7, 7, 4, 18, 13, 10, 7, 4, 36, 6, 12, 5, 8, 45, 238, 5, 10, 5, 5, 8, 10, 25, 9, 8, 8, 6, 9, 9, 9, 13, 5, 9, 77, 15, 4, 4, 18, 12, 6, 4, 44, 9, 6, 4, 6, 7, 4, 8, 11, 6, 4, 6, 5, 6, 5, 7, 94, 9, 8, 10, 8, 8, 9, 13, 9, 8, 11, 6, 4, 9, 4, 4, 4, 6, 13, 9, 8, 11, 4, 8, 17, 6, 11, 6, 8, 8, 8, 9, 9, 8, 7, 13, 5, 4, 7, 11]
length(C_list) = 20
termination_sub = MathOptInterface.INFEASIBLE
iter = 83
[length(mis) for mis = unique(C_list)] = [6, 346, 5, 5, 10, 7, 4, 4, 4, 4, 4, 8, 6, 5, 4, 4, 105, 4, 6, 5, 5, 5, 6, 4, 73, 4, 55, 28, 7, 9, 7, 117, 5, 3, 5, 6, 482, 6, 4, 6, 5, 8, 8, 6, 12, 10, 16, 8, 16, 6, 6, 129, 11, 5, 13, 26, 5, 5, 10, 7, 16, 31, 18, 8, 8, 6, 18, 6, 6, 143, 5, 4, 5, 6, 6, 6, 6, 8, 6, 6, 9, 9, 10, 8, 7, 6, 11, 5, 9, 8, 9, 6, 5, 10, 4, 4, 10, 6, 6, 10, 4, 9, 6, 23, 12, 6, 8, 7, 5, 6, 45, 6]
length(C_list) = 20
termination_sub = MathOptInterface.INFEASIBLE
iter = 84
[length(mis) for mis = unique(C_list)] = [3, 50, 5, 4, 6, 6, 5, 10, 6, 8, 374, 8, 6, 6, 7, 7, 9, 6, 5, 85, 9, 6, 8, 8, 5, 4, 10, 3, 5, 5, 7, 6, 6, 13, 407, 6, 7, 8, 8, 5, 6, 123, 5, 86, 9, 12, 5, 6, 74, 12, 55, 6, 4, 13, 17, 9, 4, 61, 7, 9, 10, 8, 152, 8, 5, 6, 5, 4, 7, 4, 8, 10, 10, 7, 96, 6, 7, 8, 6, 6, 6, 6, 8, 8, 5, 9, 7, 7, 8, 4, 5, 7, 9, 5, 5, 35, 5, 5, 152, 6, 7, 6, 7, 11, 5, 6, 6, 6, 6, 5, 8, 7, 7, 5, 5, 8]
length(C_list) = 20
termination_sub = MathOptInterface.INFEASIBLE
iter = 85
[length(mis) for mis = unique(C_list)] = [4, 4, 4, 4, 5, 5, 6, 6, 8, 4, 3, 8, 5, 18, 5, 6, 4, 4, 129, 9, 4, 14, 5, 5, 4, 6, 10, 7, 8, 9, 4, 5, 4, 5, 5, 38, 7, 7, 18, 9, 6, 4, 9, 127, 118, 10, 4, 7, 4, 4, 5, 6, 4, 7, 4, 294, 4, 11, 4, 6, 4, 122, 5, 9, 10, 6, 9, 5, 4, 5, 64, 5, 4, 4, 10, 11, 4, 4, 6, 5, 9, 4, 7, 134, 8, 5, 12, 4, 142, 62, 5, 10, 4, 5, 4, 4, 4, 5, 4, 7, 11, 8, 4, 5, 6, 7, 3, 20, 4, 9, 7, 6, 4, 31, 6, 7, 4, 6, 4, 7, 6, 25, 5]
length(C_list) = 20
termination_sub = MathOptInterface.INFEASIBLE
iter = 86
[length(mis) for mis = unique(C_list)] = [5, 6, 5, 4, 5, 6, 8, 6, 5, 5, 4, 6, 4, 151, 5, 4, 6, 7, 6, 4, 4, 6, 3, 3, 144, 6, 6, 11, 5, 4, 5, 10, 5, 9, 5, 6, 5, 9, 9, 80, 7, 7, 8, 5, 8, 72, 97, 6, 6, 6, 6, 5, 237, 6, 7, 5, 4, 9, 8, 7, 6, 5, 5, 6, 6, 6, 5, 104, 7, 28, 7, 9, 9, 8, 8, 4, 9, 4, 8, 6, 4, 6, 9, 6, 4, 4, 4, 8, 18, 8, 10, 7, 193, 10, 5, 12, 4, 55, 5, 6, 93, 5, 47, 5, 4, 33, 6, 5, 8, 4, 219, 7, 5, 5, 5]
length(C_list) = 20
termination_sub = MathOptInterface.INFEASIBLE
iter = 87
[length(mis) for mis = unique(C_list)] = [6, 10, 4, 4, 5, 9, 3, 4, 5, 13, 10, 6, 5, 4, 10, 7, 6, 7, 4, 10, 4, 5, 4, 10, 13, 5, 5, 233, 5, 9, 9, 122, 5, 10, 5, 10, 420, 10, 4, 10, 16, 12, 48, 9, 6, 11, 10, 12, 13, 11, 10, 23, 4, 40, 6, 14, 10, 8, 4, 12, 13, 13, 5, 4, 44, 10, 12, 11, 283, 12, 10, 10, 12, 12, 307, 106, 188, 10, 12, 4, 20, 14, 12, 11, 3, 7, 12, 5, 4, 14, 10, 7, 7, 13, 4, 10, 11, 12, 10, 183, 13, 9, 10, 5, 14, 4, 8]
length(C_list) = 20
termination_sub = MathOptInterface.INFEASIBLE
iter = 88
[length(mis) for mis = unique(C_list)] = [4, 11, 5, 5, 8, 4, 4, 6, 8, 5, 11, 9, 4, 5, 4, 5, 4, 5, 7, 6, 11, 11, 5, 4, 9, 11, 5, 5, 5, 12, 5, 5, 14, 4, 9, 5, 6, 4, 5, 5, 5, 9, 9, 23, 16, 9, 4, 23, 13, 10, 9, 335, 5, 8, 74, 11, 9, 4, 6, 9, 13, 6, 15, 7, 4, 8, 6, 6, 4, 11, 11, 15, 6, 8, 5, 3, 4, 12, 11, 10, 9, 9, 9, 9, 11, 9, 12, 11, 11, 11, 10, 9, 10, 4, 8, 11, 11, 7, 5, 4, 128, 6, 5, 9, 9, 7, 9, 6, 156, 9, 10, 10, 217, 10, 4, 9]
length(C_list) = 20
termination_sub = MathOptInterface.INFEASIBLE
iter = 89
[length(mis) for mis = unique(C_list)] = [8, 10, 6, 43, 6, 4, 4, 5, 4, 11, 12, 11, 5, 6, 4, 9, 4, 9, 4, 10, 11, 228, 5, 10, 5, 12, 5, 6, 12, 3, 9, 6, 8, 4, 10, 4, 90, 11, 13, 5, 11, 4, 43, 11, 4, 280, 6, 6, 10, 10, 10, 11, 4, 12, 4, 10, 10, 10, 4, 10, 54, 10, 4, 7, 18, 62, 12, 14, 10, 9, 12, 9, 4, 24, 12, 13, 10, 11, 10, 13, 10, 10, 12, 12, 12, 11, 12, 10, 10, 4, 11, 13, 11, 6, 22, 4, 9, 10, 7, 7, 11, 4, 10, 5, 10, 10, 10, 11, 12, 8, 11, 12, 4, 4, 12, 9, 9]
length(C_list) = 20
termination_sub = MathOptInterface.INFEASIBLE
iter = 90
[length(mis) for mis = unique(C_list)] = [4, 5, 6, 4, 4, 5, 7, 5, 7, 8, 13, 5, 5, 7, 35, 7, 5, 9, 26, 8, 7, 8, 9, 10, 40, 5, 5, 153, 6, 4, 7, 11, 6, 11, 10, 11, 12, 7, 5, 6, 46, 6, 260, 6, 210, 5, 17, 6, 8, 6, 9, 14, 4, 4, 7, 78, 8, 8, 8, 8, 217, 16, 8, 364, 9, 146, 8, 4, 6, 6, 5, 4, 5, 8, 10, 6, 4, 9, 4, 9, 5, 6, 6, 7, 9, 8, 10, 4, 4, 9, 8, 4, 5, 7, 12, 19, 6, 9, 5, 6, 19, 6, 7, 8, 7, 37, 18, 5, 4, 209, 4, 19, 4, 18, 8, 28, 7, 12, 12, 15, 11, 14, 10]
length(C_list) = 20
termination_sub = MathOptInterface.INFEASIBLE
iter = 91
[length(mis) for mis = unique(C_list)] = [6, 12, 4, 5, 6, 10, 4, 48, 12, 4, 14, 12, 5, 5, 4, 3, 13, 13, 14, 12, 4, 15, 4, 116, 4, 4, 14, 10, 8, 18, 4, 9, 5, 13, 6, 6, 11, 12, 13, 4, 16, 4, 20, 13, 12, 10, 9, 5, 11, 11, 15, 8, 6, 6, 32, 13, 4, 5, 4, 4, 127, 4, 4, 4, 14, 8, 13, 14, 379, 4, 6, 4, 187, 18, 11, 14, 20, 12, 62, 43, 14, 11, 5, 8, 14, 44, 13, 18, 145, 11, 10, 29, 37, 10, 4, 4, 13, 4, 4, 7, 12, 355, 9, 38, 13, 5, 17, 11, 11, 15, 11, 38, 94, 13, 4, 12, 9, 24]
length(C_list) = 20
termination_sub = MathOptInterface.INFEASIBLE
iter = 92
[length(mis) for mis = unique(C_list)] = [4, 4, 5, 6, 6, 5, 4, 6, 7, 4, 5, 5, 4, 6, 6, 6, 5, 4, 4, 10, 61, 4, 5, 6, 4, 9, 8, 8, 9, 6, 6, 5, 5, 4, 6, 146, 4, 300, 5, 123, 16, 179, 195, 24, 6, 7, 5, 13, 5, 4, 5, 4, 5, 5, 6, 4, 5, 4, 7, 4, 9, 4, 66, 7, 11, 9, 8, 6, 4, 4, 6, 46, 6, 34, 4, 4, 4, 4, 6, 6, 4, 8, 4, 8, 8, 8, 75, 8, 6, 7, 65, 4, 18, 6, 5, 4, 4, 8, 8, 9, 5, 10, 4, 6, 6, 4, 13, 13, 4, 4, 7, 7, 7, 7, 7, 4, 4, 6, 10, 7]
length(C_list) = 20
termination_sub = MathOptInterface.INFEASIBLE
iter = 93
[length(mis) for mis = unique(C_list)] = [10, 4, 60, 9, 7, 5, 6, 12, 11, 7, 4, 5, 8, 7, 6, 11, 4, 12, 10, 9, 7, 4, 4, 12, 4, 6, 9, 4, 10, 6, 202, 6, 10, 298, 6, 7, 6, 225, 8, 3, 6, 9, 8, 5, 26, 10, 4, 3, 110, 16, 6, 6, 5, 7, 4, 8, 11, 146, 9, 5, 4, 16, 4, 6, 51, 5, 7, 12, 11, 6, 15, 5, 318, 10, 7, 5, 11, 140, 7, 7, 24, 101, 7, 6, 6, 4, 14, 16, 18, 12, 9, 7, 6, 6, 7, 4, 5, 5, 134, 4, 7, 5, 5, 7, 11, 4, 5, 4, 6, 8, 22, 7, 44, 10, 7, 7, 8, 77, 5, 7, 5, 241, 5, 4, 12, 36, 235, 5, 7, 10, 7]
length(C_list) = 20
termination_sub = MathOptInterface.INFEASIBLE
iter = 94
[length(mis) for mis = unique(C_list)] = [4, 10, 8, 4, 6, 5, 8, 8, 5, 6, 6, 6, 7, 5, 23, 5, 7, 4, 5, 3, 5, 6, 6, 6, 6, 8, 7, 191, 7, 5, 4, 6, 4, 5, 7, 5, 4, 4, 5, 17, 5, 8, 11, 7, 11, 14, 6, 9, 5, 6, 6, 10, 4, 8, 5, 10, 6, 4, 6, 10, 8, 7, 6, 5, 5, 5, 3, 8, 4, 5, 7, 7, 8, 6, 6, 6, 9, 7, 10, 6, 6, 6, 7, 11, 5, 7, 7, 8, 5, 21, 5, 6, 6, 7, 9, 6, 6, 6, 7, 4, 9, 4, 7, 6, 10, 7, 11, 7, 4, 8, 4, 4, 5, 8, 12]
length(C_list) = 20
termination_sub = MathOptInterface.INFEASIBLE
iter = 95
[length(mis) for mis = unique(C_list)] = [5, 7, 7, 5, 9, 4, 4, 4, 4, 6, 8, 10, 7, 6, 8, 6, 7, 6, 9, 7, 4, 3, 10, 8, 8, 9, 12, 10, 6, 6, 24, 7, 11, 7, 4, 7, 5, 9, 59, 7, 8, 9, 7, 109, 8, 6, 4, 7, 11, 4, 64, 130, 8, 125, 6, 7, 11, 7, 10, 296, 7, 4, 6, 6, 6, 8, 8, 7, 7, 8, 7, 9, 7, 8, 8, 8, 8, 7, 10, 8, 7, 7, 4, 8, 8, 13, 9, 31, 6, 8, 6, 9, 201, 9, 8, 15, 17, 7, 7, 8, 7, 10, 86, 110, 13, 100, 4, 11, 10]
length(C_list) = 20
termination_sub = MathOptInterface.INFEASIBLE
iter = 96
[length(mis) for mis = unique(C_list)] = [4, 14, 12, 4, 4, 12, 4, 9, 12, 8, 8, 32, 5, 13, 10, 10, 5, 6, 7, 9, 13, 8, 11, 14, 8, 10, 135, 4, 246, 6, 388, 5, 4, 9, 10, 9, 7, 6, 16, 88, 8, 64, 8, 5, 11, 5, 10, 11, 12, 4, 7, 9, 5, 4, 6, 8, 9, 4, 6, 6, 6, 9, 4, 13, 11, 16, 9, 8, 9, 8, 4, 34, 6, 13, 6, 6, 6, 6, 6, 6, 153, 8, 6, 6, 6, 11, 6, 8, 8, 19, 8, 37, 6, 8, 4, 11, 8, 40, 9, 6, 6, 25, 8, 10, 12, 9, 6, 6, 12, 7, 4, 9, 6, 6, 6, 10, 4, 10, 7, 6, 8, 8, 10, 9, 9, 6, 4, 8, 10]
length(C_list) = 20
termination_sub = MathOptInterface.INFEASIBLE
iter = 97
[length(mis) for mis = unique(C_list)] = [5, 4, 6, 4, 6, 4, 7, 5, 5, 4, 94, 14, 14, 4, 4, 4, 7, 7, 8, 4, 4, 12, 8, 4, 12, 5, 4, 12, 8, 85, 7, 6, 4, 6, 259, 6, 4, 45, 6, 4, 5, 4, 9, 5, 9, 148, 6, 12, 4, 235, 134, 4, 8, 10, 7, 83, 67, 241, 17, 4, 7, 92, 5, 10, 10, 7, 10, 4, 4, 285, 5, 4, 11, 4, 6, 4, 6, 5, 4, 6, 5, 6, 9, 7, 5, 10, 4, 91, 4, 11, 9, 35, 22, 247, 66, 168, 7, 12, 7, 9, 56, 4, 23, 4, 7, 9, 6, 6, 9]
length(C_list) = 20
termination_sub = MathOptInterface.INFEASIBLE
iter = 98
[length(mis) for mis = unique(C_list)] = [10, 52, 4, 6, 5, 5, 73, 5, 9, 4, 6, 11, 13, 5, 5, 5, 13, 4, 4, 14, 11, 6, 25, 4, 12, 12, 111, 80, 6, 8, 9, 339, 4, 127, 4, 4, 4, 5, 116, 8, 8, 7, 11, 9, 6, 5, 9, 6, 4, 5, 4, 7, 4, 5, 5, 10, 4, 8, 5, 4, 7, 6, 8, 12, 4, 4, 8, 8, 9, 4, 6, 4, 9, 9, 4, 6, 69, 10, 4, 9, 4, 4, 11, 9, 4, 170, 61, 4, 182, 4, 4, 4, 4, 5, 10, 8, 9, 4, 6, 4, 10, 29, 5, 268, 14, 7, 241, 4, 4, 5, 8, 4]
length(C_list) = 20
termination_sub = MathOptInterface.INFEASIBLE
iter = 99
[length(mis) for mis = unique(C_list)] = [8, 7, 6, 7, 7, 13, 6, 9, 6, 27, 7, 29, 6, 13, 17, 5, 12, 10, 6, 4, 10, 5, 6, 12, 10, 301, 4, 12, 9, 9, 5, 411, 5, 5, 6, 6, 5, 7, 5, 9, 6, 458, 11, 11, 11, 9, 8, 9, 5, 9, 8, 4, 6, 6, 7, 23, 111, 4, 7, 6, 10, 6, 7, 7, 11, 10, 9, 5, 21, 5, 6, 5, 5, 6, 6, 7, 5, 5, 5, 5, 7, 17, 4, 7, 5, 11, 5, 5, 5, 9, 15, 6, 6, 11, 6, 126, 57, 6, 7, 4, 10, 10, 4, 7, 5, 6, 5, 6, 7, 5, 7, 225, 7, 13, 319]
length(C_list) = 20
termination_sub = MathOptInterface.INFEASIBLE
iter = 100
[length(mis) for mis = unique(C_list)] = [9, 6, 11, 6, 4, 8, 6, 26, 8, 7, 6, 7, 8, 40, 5, 314, 7, 6, 4, 7, 8, 6, 4, 14, 12, 7, 11, 6, 10, 319, 126, 4, 4, 7, 4, 7, 7, 8, 8, 10, 11, 6, 5, 7, 14, 8, 7, 12, 7, 7, 4, 8, 4, 4, 9, 5, 36, 10, 8, 17, 7, 7, 9, 5, 4, 7, 10, 8, 8, 6, 6, 6, 8, 7, 7, 9, 6, 9, 9, 7, 8, 4, 9, 7, 10, 9, 41, 141, 4, 52, 6, 11, 8, 8, 7, 6, 13, 80, 6, 7, 6, 6, 4, 7, 9, 8, 8, 3]
length(C_list) = 20
termination_sub = MathOptInterface.INFEASIBLE
iter = 101
[length(mis) for mis = unique(C_list)] = [8, 145, 8, 6, 30, 6, 7, 5, 7, 8, 5, 5, 6, 6, 7, 88, 7, 8, 12, 4, 5, 6, 7, 6, 6, 6, 6, 15, 7, 6, 8, 4, 6, 9, 9, 7, 4, 6, 447, 6, 194, 4, 337, 12, 5, 6, 4, 4, 5, 5, 4, 7, 279, 9, 4, 5, 76, 4, 13, 8, 9, 6, 6, 13, 4, 7, 4, 5, 9, 4, 7, 5, 4, 170, 29, 4, 13, 5, 5, 4, 4, 5, 4, 10, 22, 8, 5, 9, 6, 9, 4, 14, 5, 7, 4, 8, 7, 5, 7, 9, 6, 6, 5, 5, 9, 4, 5, 4, 4, 4, 4, 4, 5, 4, 6, 4, 4, 7]
length(C_list) = 20
termination_sub = MathOptInterface.INFEASIBLE
iter = 102
[length(mis) for mis = unique(C_list)] = [4, 4, 5, 6, 4, 6, 8, 4, 5, 5, 4, 7, 7, 5, 8, 6, 15, 78, 4, 5, 5, 162, 5, 5, 153, 5, 4, 4, 5, 6, 92, 5, 4, 5, 4, 5, 4, 6, 5, 5, 203, 4, 5, 19, 4, 5, 15, 6, 5, 8, 8, 8, 61, 11, 5, 5, 5, 11, 265, 6, 5, 7, 5, 6, 8, 8, 5, 8, 10, 9, 10, 71, 4, 8, 9, 10, 177, 4, 8, 8, 9, 4, 6, 9, 6, 4, 10, 8, 7, 10, 4, 5, 4, 5, 6, 4, 35, 7, 169, 8, 8, 10, 6, 8, 10, 4, 8, 40, 191, 9, 9, 5, 25, 6, 4, 4, 6, 4, 6, 4]
length(C_list) = 20
termination_sub = MathOptInterface.INFEASIBLE
iter = 103
[length(mis) for mis = unique(C_list)] = [4, 4, 6, 6, 4, 190, 5, 6, 9, 5, 7, 5, 4, 4, 8, 5, 6, 9, 4, 130, 11, 5, 9, 5, 21, 6, 10, 6, 6, 4, 4, 273, 9, 14, 13, 92, 4, 10, 9, 7, 28, 11, 8, 9, 34, 80, 3, 10, 184, 33, 25, 4, 4, 4, 9, 4, 14, 5, 4, 3, 169, 12, 8, 9, 5, 351, 6, 9, 10, 10, 9, 12, 15, 4, 9, 25, 4, 6, 11, 7, 4, 200, 4, 7, 7, 9, 10, 8, 12, 82, 8, 243, 4, 29, 9, 9, 10, 6, 6, 18, 138, 22, 4, 312, 6, 5, 5, 4, 4, 6, 7, 11, 12, 11, 23, 11, 35, 63]
length(C_list) = 20
termination_sub = MathOptInterface.INFEASIBLE
iter = 104
[length(mis) for mis = unique(C_list)] = [8, 10, 5, 6, 8, 5, 7, 7, 5, 6, 4, 7, 112, 14, 29, 5, 8, 6, 7, 5, 5, 6, 4, 5, 4, 290, 13, 47, 6, 10, 18, 12, 8, 6, 4, 125, 7, 4, 8, 283, 9, 6, 12, 5, 7, 10, 7, 6, 7, 6, 5, 4, 106, 4, 5, 6, 6, 5, 4, 5, 6, 34, 69, 6, 8, 8, 23, 7, 231, 11, 11, 6, 9, 5, 666, 19, 7, 9, 7, 6, 10, 6, 10, 19, 4, 6, 7, 23, 4, 6, 5, 13, 11, 37, 170, 8, 4, 8, 6, 24, 6, 5, 5, 20, 4, 4, 11, 5, 11, 8, 296, 88, 5, 161, 9, 8, 8]
length(C_list) = 20
termination_sub = MathOptInterface.INFEASIBLE
iter = 105
[length(mis) for mis = unique(C_list)] = [4, 8, 6, 6, 4, 10, 4, 4, 5, 4, 6, 9, 10, 6, 13, 7, 5, 5, 5, 8, 5, 5, 6, 8, 5, 9, 7, 6, 33, 8, 39, 10, 6, 5, 5, 5, 14, 10, 8, 10, 10, 8, 7, 102, 10, 10, 8, 10, 138, 6, 67, 10, 10, 5, 5, 9, 25, 6, 176, 5, 9, 8, 5, 4, 292, 12, 304, 127, 10, 11, 4, 9, 8, 6, 10, 10, 4, 10, 304, 122, 8, 10, 10, 7, 14, 10, 11, 148, 11, 11, 9, 7, 4, 8, 4, 4, 18, 9, 10, 4, 6, 11, 4, 9, 5, 10, 7, 6, 5, 11, 9, 5, 16, 9, 4, 90, 10, 22, 5, 12, 5, 4]
length(C_list) = 20
termination_sub = MathOptInterface.INFEASIBLE
iter = 106
[length(mis) for mis = unique(C_list)] = [9, 72, 6, 4, 6, 4, 11, 4, 4, 25, 7, 5, 6, 4, 4, 6, 9, 8, 12, 4, 6, 9, 13, 15, 7, 65, 55, 11, 10, 16, 3, 20, 4, 7, 4, 9, 47, 7, 7, 7, 12, 7, 8, 6, 10, 4, 7, 14, 12, 4, 4, 6, 4, 12, 14, 9, 4, 57, 9, 7, 4, 8, 4, 45, 43, 4, 43, 8, 8, 9, 4, 11, 7, 19, 138, 5, 9, 8, 9, 6, 36, 4, 16, 7, 7, 4, 5, 4, 4, 15, 8, 209, 4, 5, 7, 61, 7, 7, 4, 4, 7, 36, 4, 60, 319, 4, 5, 17, 220, 5, 19, 11, 10, 13]
length(C_list) = 20
termination_sub = MathOptInterface.INFEASIBLE
iter = 107
[length(mis) for mis = unique(C_list)] = [6, 5, 8, 3, 8, 6, 10, 7, 6, 4, 9, 6, 12, 4, 325, 3, 10, 306, 12, 5, 5, 19, 5, 9, 10, 6, 5, 85, 367, 9, 7, 10, 12, 9, 7, 11, 4, 7, 22, 6, 6, 5, 9, 4, 5, 7, 6, 7, 8, 5, 7, 4, 13, 6, 4, 3, 4, 58, 10, 7, 4, 8, 9, 4, 5, 11, 4, 6, 34, 4, 8, 4, 9, 11, 6, 423, 9, 4, 8, 7, 11, 9, 232, 6, 4, 13, 5, 7, 4, 7, 8, 8, 9, 4, 8, 4, 10, 91, 4, 4, 9, 13, 7, 8, 4, 9, 5, 4, 6, 5, 15, 5, 4, 6, 7]
length(C_list) = 20
termination_sub = MathOptInterface.INFEASIBLE
iter = 108
[length(mis) for mis = unique(C_list)] = [4, 6, 6, 4, 10, 6, 8, 5, 30, 8, 6, 7, 6, 7, 4, 4, 6, 6, 7, 7, 6, 11, 4, 5, 5, 6, 5, 17, 4, 5, 7, 6, 12, 12, 102, 4, 13, 8, 12, 12, 13, 9, 8, 11, 12, 13, 9, 5, 7, 105, 225, 10, 4, 7, 4, 12, 5, 4, 5, 25, 349, 10, 6, 12, 4, 6, 37, 13, 6, 7, 3, 10, 13, 7, 290, 8, 8, 7, 8, 12, 13, 8, 12, 15, 13, 13, 12, 4, 12, 86, 11, 3, 12, 7, 39, 8, 10, 5, 12, 4, 13, 13, 12, 13, 7, 5, 9, 12, 13, 4, 4, 6, 6]
length(C_list) = 20
termination_sub = MathOptInterface.INFEASIBLE
iter = 109
[length(mis) for mis = unique(C_list)] = [4, 5, 6, 6, 6, 5, 5, 155, 13, 7, 7, 4, 158, 6, 7, 13, 7, 9, 19, 180, 8, 7, 9, 4, 4, 4, 6, 11, 8, 8, 9, 5, 4, 6, 64, 8, 121, 9, 7, 6, 5, 25, 6, 25, 5, 9, 7, 6, 7, 6, 124, 4, 6, 26, 8, 7, 5, 7, 14, 4, 7, 8, 7, 5, 161, 8, 7, 5, 4, 5, 147, 66, 6, 4, 4, 5, 5, 12, 5, 96, 30, 82, 4, 4, 5, 5, 9, 4, 5, 7, 5, 5, 7, 6, 225, 5, 63, 7, 9, 7, 4, 6, 8, 107, 6, 5, 26, 5, 8, 5, 5, 4, 11, 5, 4, 9, 9, 6, 8, 6, 15, 10]
length(C_list) = 20
termination_sub = MathOptInterface.INFEASIBLE
iter = 110
[length(mis) for mis = unique(C_list)] = [6, 5, 12, 6, 81, 6, 4, 4, 5, 7, 7, 4, 34, 75, 9, 5, 4, 4, 4, 4, 7, 8, 11, 6, 4, 101, 8, 4, 10, 28, 8, 6, 58, 9, 5, 86, 4, 7, 5, 8, 19, 5, 5, 5, 5, 4, 255, 5, 7, 6, 4, 4, 4, 7, 6, 5, 6, 6, 4, 6, 9, 4, 4, 6, 4, 7, 11, 7, 6, 7, 4, 4, 5, 5, 13, 5, 4, 5, 5, 6, 4, 6, 4, 6, 8, 4, 5, 4, 161, 8, 9, 6, 10, 4, 4, 6, 6, 8, 6, 7, 5, 5, 5, 10, 6, 7, 7, 28, 6, 4, 10, 21, 11]
length(C_list) = 20
termination_sub = MathOptInterface.INFEASIBLE
iter = 111
[length(mis) for mis = unique(C_list)] = [9, 17, 4, 4, 7, 4, 4, 4, 10, 18, 11, 4, 7, 3, 7, 11, 9, 7, 10, 9, 6, 5, 6, 4, 4, 9, 4, 42, 4, 4, 11, 94, 11, 11, 10, 26, 5, 10, 6, 7, 12, 10, 12, 13, 12, 10, 12, 8, 8, 10, 10, 4, 6, 11, 130, 4, 25, 9, 12, 11, 15, 208, 11, 6, 10, 11, 10, 5, 10, 26, 11, 12, 10, 10, 10, 23, 11, 275, 12, 11, 6, 6, 9, 11, 235, 6, 40, 10, 4, 4, 4, 10, 10, 241, 7, 4, 9, 4, 20, 10, 13, 10, 16, 10, 10, 11, 289, 6, 55, 9, 21]
length(C_list) = 20
termination_sub = MathOptInterface.INFEASIBLE
iter = 112
[length(mis) for mis = unique(C_list)] = [3, 44, 6, 16, 4, 10, 5, 4, 4, 9, 6, 7, 5, 136, 9, 16, 5, 6, 5, 10, 15, 7, 7, 5, 9, 14, 5, 6, 181, 179, 7, 6, 5, 5, 77, 7, 5, 7, 8, 5, 7, 322, 9, 6, 9, 7, 7, 7, 11, 7, 50, 12, 4, 5, 10, 4, 5, 6, 7, 9, 5, 5, 13, 3, 135, 7, 7, 6, 11, 50, 148, 72, 8, 8, 7, 21, 135, 6, 5, 9, 4, 4, 8, 4, 6, 8, 7, 7, 8, 6, 6, 19, 6, 6, 6, 9, 8, 6, 8, 8, 9, 5, 212, 8, 7, 9, 10, 6, 5, 5, 8]
length(C_list) = 20
termination_sub = MathOptInterface.INFEASIBLE
iter = 113
[length(mis) for mis = unique(C_list)] = [6, 228, 6, 4, 6, 7, 4, 4, 4, 4, 7, 11, 6, 4, 12, 290, 5, 6, 4, 6, 9, 7, 4, 4, 4, 8, 13, 5, 7, 4, 7, 7, 10, 5, 8, 5, 6, 4, 135, 4, 4, 8, 4, 5, 6, 7, 22, 7, 7, 8, 322, 4, 4, 5, 8, 10, 166, 4, 7, 9, 6, 5, 167, 4, 6, 6, 6, 6, 48, 6, 5, 5, 12, 7, 8, 4, 9, 4, 5, 5, 6, 4, 5, 6, 6, 5, 4, 7, 4, 8, 11, 6, 7, 175, 6, 6, 8, 6, 4, 5, 5, 6, 9, 6, 20, 4, 4, 10, 4, 4, 7, 8, 6, 6, 6, 4]
length(C_list) = 20
termination_sub = MathOptInterface.INFEASIBLE
iter = 114
[length(mis) for mis = unique(C_list)] = [6, 4, 6, 6, 8, 6, 7, 5, 4, 8, 5, 6, 4, 5, 4, 5, 6, 3, 4, 6, 6, 8, 4, 4, 5, 5, 4, 5, 3, 3, 21, 6, 5, 6, 21, 6, 7, 8, 4, 4, 6, 6, 4, 4, 8, 15, 4, 6, 4, 6, 5, 4, 7, 6, 4, 4, 4, 138, 4, 7, 7, 4, 4, 6, 4, 6, 4, 4, 7, 8, 7, 6, 6, 6, 7, 5, 6]
length(C_list) = 20
termination_sub = MathOptInterface.INFEASIBLE
iter = 115
[length(mis) for mis = unique(C_list)] = [8, 6, 6, 7, 4, 5, 5, 4, 4, 6, 4, 6, 8, 7, 4, 6, 5, 4, 3, 7, 4, 4, 8, 6, 9, 8, 6, 4, 5, 9, 11, 37, 9, 4, 5, 6, 8, 9, 4, 10, 15, 4, 11, 17, 5, 10, 6, 10, 10, 5, 6, 4, 9, 335, 311, 9, 5, 4, 7, 13, 5, 5, 6, 8, 114, 4, 5, 7, 5, 5, 4, 8, 136, 7, 73, 7, 7, 7, 21, 6, 148, 9, 49, 4, 7, 4, 5, 4, 6, 4, 27, 8]
length(C_list) = 20
termination_sub = MathOptInterface.INFEASIBLE
iter = 116
[length(mis) for mis = unique(C_list)] = [6, 4, 5, 6, 4, 5, 9, 5, 25, 8, 6, 4, 129, 107, 4, 10, 10, 9, 4, 5, 23, 4, 6, 11, 8, 464, 5, 7, 5, 11, 15, 9, 102, 9, 4, 6, 81, 5, 6, 8, 75, 9, 171, 7, 6, 5, 10, 7, 5, 7, 5, 4, 4, 5, 7, 8, 4, 7, 7, 5, 4, 9, 5, 5, 5, 5, 5, 104, 5, 6, 6, 6, 4, 10, 5, 15, 12, 6, 7, 8, 16, 6, 8, 8, 4, 4, 18, 6, 7, 9, 19, 6, 15, 4, 205, 38, 6, 11, 5, 9, 8, 12, 5, 6, 412, 4, 11, 4, 4, 5, 9, 6, 9]
length(C_list) = 20
termination_sub = MathOptInterface.INFEASIBLE
iter = 117
[length(mis) for mis = unique(C_list)] = [4, 5, 4, 6, 5, 5, 5, 4, 8, 5, 6, 7, 169, 6, 30, 4, 5, 12, 297, 26, 13, 6, 8, 11, 4, 4, 6, 9, 11, 5, 9, 5, 10, 8, 122, 5, 20, 33, 13, 5, 5, 6, 5, 464, 5, 8, 40, 10, 5, 11, 7, 4, 7, 8, 4, 323, 12, 4, 4, 6, 6, 10, 4, 22, 8, 5, 9, 6, 4, 5, 6, 6, 5, 236, 7, 6, 4, 7, 4, 4, 5, 6, 5, 4, 5, 12, 4, 4, 11, 12, 7, 8, 4, 9, 16, 5, 10, 5, 6, 5, 4, 5, 9, 7, 5, 12, 11, 39, 4, 4, 5, 6, 6, 5, 8, 11, 12, 4, 10, 11, 5]
length(C_list) = 20
termination_sub = MathOptInterface.INFEASIBLE
iter = 118
[length(mis) for mis = unique(C_list)] = [5, 5, 5, 5, 8, 4, 7, 4, 4, 6, 5, 18, 8, 5, 4, 5, 6, 4, 78, 5, 6, 12, 5, 8, 7, 8, 8, 93, 4, 3, 5, 6, 12, 4, 6, 4, 5, 7, 39, 6, 7, 4, 5, 10, 6, 67, 5, 7, 4, 4, 24, 4, 5, 4, 4, 7, 7, 6, 6, 8, 149, 5, 5, 5, 5, 6, 11, 5, 14, 45, 6, 5, 4, 7, 4, 6, 5, 4, 4, 4, 7, 116, 5, 10, 5, 49, 53, 6, 4, 5]
length(C_list) = 20
termination_sub = MathOptInterface.INFEASIBLE
iter = 119
[length(mis) for mis = unique(C_list)] = [8, 9, 6, 6, 5, 6, 4, 4, 363, 4, 3, 10, 6, 6, 6, 6, 6, 7, 6, 7, 13, 359, 14, 6, 10, 18, 4, 9, 6, 4, 7, 9, 7, 9, 9, 3, 10, 10, 410, 9, 7, 9, 4, 11, 5, 6, 227, 5, 5, 4, 5, 6, 3, 126, 5, 16, 4, 8, 5, 6, 7, 4, 373, 12, 6, 9, 7, 4, 5, 4, 5, 4, 10, 23, 8, 5, 5, 5, 9, 169, 10, 6, 8, 11, 22, 54, 7, 8, 7, 38, 4, 7, 10, 6, 6, 10, 7, 29, 9, 9, 4, 9, 4, 8, 7, 6, 4, 8, 8]
length(C_list) = 20
termination_sub = MathOptInterface.INFEASIBLE
iter = 120
[length(mis) for mis = unique(C_list)] = [6, 6, 4, 9, 8, 6, 4, 8, 4, 9, 7, 390, 7, 6, 119, 7, 6, 6, 9, 9, 279, 27, 4, 7, 46, 3, 10, 6, 7, 346, 5, 6, 13, 8, 25, 5, 7, 12, 6, 12, 6, 6, 250, 5, 9, 4, 9, 10, 9, 7, 9, 435, 20, 11, 49, 6, 6, 6, 132, 4, 4, 11, 13, 345, 118, 10, 200, 43, 6, 53, 3, 5, 5, 14, 5, 8, 9, 9, 7, 9, 10, 10, 10, 6, 6, 7, 4, 10, 5, 6, 11, 17, 13, 24, 151, 4, 10, 9, 6, 10, 5, 5, 6, 222, 7, 5, 11, 7, 7, 4, 6, 7, 6, 6, 6, 9, 40, 7, 6, 10, 8]
length(C_list) = 20
termination_sub = MathOptInterface.INFEASIBLE
iter = 121
[length(mis) for mis = unique(C_list)] = [13, 6, 5, 4, 6, 4, 3, 6, 9, 9, 5, 5, 9, 6, 5, 4, 6, 7, 16, 22, 80, 9, 5, 14, 5, 5, 521, 180, 4, 6, 5, 81, 5, 6, 12, 4, 6, 19, 18, 9, 4, 11, 4, 6, 6, 4, 5, 9, 8, 4, 14, 7, 6, 9, 4, 6, 5, 6, 8, 4, 4, 8, 7, 7, 8, 4, 7, 64, 5, 7, 16, 6, 4, 5, 6, 10, 4, 8, 7, 6, 7, 6, 12, 5, 8, 6, 6, 30, 7, 5, 5, 162, 194, 5, 13, 7, 4, 6, 4, 11, 10, 4]
length(C_list) = 20
termination_sub = MathOptInterface.INFEASIBLE
iter = 122
[length(mis) for mis = unique(C_list)] = [6, 7, 52, 4, 8, 10, 7, 5, 7, 5, 10, 4, 7, 11, 4, 6, 6, 4, 5, 10, 17, 9, 6, 7, 6, 5, 11, 15, 10, 7, 4, 11, 12, 9, 4, 8, 111, 6, 5, 5, 4, 6, 8, 12, 7, 17, 7, 9, 4, 7, 27, 8, 8, 9, 6, 4, 5, 23, 4, 5, 4, 6, 10, 211, 5, 9, 7, 6, 5, 8, 7, 4, 5, 4, 6, 8, 5, 13, 9, 8, 6, 7, 5, 4, 5, 4, 6, 4, 108, 7, 6, 5, 6, 4, 9, 5, 6, 5, 9, 4, 5, 8, 23, 7, 23, 4, 11, 9, 9, 12, 4, 6, 6, 9, 5, 4, 13, 5, 7, 5, 45, 13, 4, 6, 5, 4, 5, 6, 13, 11, 6]
length(C_list) = 20
termination_sub = MathOptInterface.INFEASIBLE
iter = 123
[length(mis) for mis = unique(C_list)] = [4, 12, 3, 6, 4, 4, 4, 10, 3, 4, 13, 12, 6, 4, 6, 267, 7, 14, 6, 4, 10, 17, 14, 7, 14, 9, 10, 7, 15, 14, 8, 17, 13, 10, 11, 10, 18, 13, 10, 7, 4, 11, 10, 14, 15, 6, 20, 10, 4, 4, 9, 25, 61, 7, 11, 12, 21, 13, 16, 4, 6, 10, 16, 5, 10, 10, 10, 11, 10, 12, 10, 10, 11, 11, 12, 12, 11, 15, 11, 11, 8, 57, 10, 12, 13, 8, 4, 14, 8, 4, 208, 11, 12, 15, 4, 89, 10, 11, 10, 4, 10, 12, 8, 4, 4, 9, 9]
length(C_list) = 20
termination_sub = MathOptInterface.INFEASIBLE
iter = 124
[length(mis) for mis = unique(C_list)] = [6, 6, 6, 7, 10, 4, 4, 14, 9, 7, 6, 6, 6, 124, 13, 12, 6, 4, 6, 6, 6, 6, 218, 6, 4, 7, 5, 11, 4, 4, 11, 127, 9, 6, 6, 7, 4, 8, 7, 6, 18, 5, 5, 4, 12, 16, 7, 75, 65, 6, 10, 5, 6, 25, 4, 26, 4, 5, 278, 11, 7, 6, 4, 113, 7, 7, 4, 13, 7, 5, 6, 4, 5, 5, 4, 9, 4, 5, 9, 8, 4, 5, 6, 6, 166, 5, 155, 8, 4, 13, 7, 7, 4, 5, 10, 4, 8, 5, 150, 11, 6, 4, 76, 35, 4, 15, 5, 5, 13, 5, 11]
length(C_list) = 20
termination_sub = MathOptInterface.INFEASIBLE
iter = 125
[length(mis) for mis = unique(C_list)] = [7, 8, 6, 4, 11, 4, 11, 5, 10, 6, 9, 19, 8, 146, 11, 11, 5, 5, 5, 11, 11, 9, 8, 9, 4, 5, 7, 12, 6, 215, 6, 18, 9, 58, 9, 9, 10, 9, 9, 6, 15, 12, 8, 10, 8, 10, 11, 10, 11, 11, 12, 12, 5, 12, 4, 6, 6, 479, 10, 9, 6, 24, 5, 4, 13, 6, 8, 4, 67, 9, 7, 4, 10, 4, 7, 11, 21, 61, 201, 9, 9, 8, 10, 9, 17, 11, 10, 10, 8, 6, 8, 7, 500, 12, 7, 4, 10, 10, 11, 9, 14, 10, 9, 9, 16, 9, 8, 10, 5, 4, 10, 10, 21, 9, 9, 9, 9, 6, 8, 10, 14, 4, 10, 13, 15, 12, 11, 9]
length(C_list) = 20
termination_sub = MathOptInterface.INFEASIBLE
iter = 126
[length(mis) for mis = unique(C_list)] = [8, 9, 4, 4, 6, 14, 3, 10, 7, 5, 6, 59, 5, 9, 4, 258, 21, 12, 7, 4, 8, 4, 8, 13, 297, 4, 279, 6, 31, 18, 8, 37, 7, 10, 6, 9, 7, 12, 6, 12, 9, 8, 10, 198, 11, 4, 13, 12, 8, 7, 112, 16, 11, 5, 8, 12, 4, 5, 10, 15, 11, 27, 11, 4, 5, 5, 6, 52, 13, 7, 351, 7, 10, 10, 11, 9, 6, 6, 7, 10, 4, 7, 12, 8, 8, 10, 8, 5, 172, 4, 8, 8, 10, 8, 7, 7, 178, 12, 14, 12, 19, 8, 6, 4, 9]
length(C_list) = 20
termination_sub = MathOptInterface.INFEASIBLE
iter = 127
termination = MathOptInterface.INFEASIBLE
objective_value = 0.010689973084885722
