┌ Warning: master problem cannot be solved
└ @ Main ~/git/Loopless_Fluxes_with_Mixed_Integer_Optimization/src/cuts_decomposition.jl:486
ENV["GRB_LICENSE_FILE"] = "/home/htc/htroppen/gurobi.lic"
iLB1027_lipid
(time_limit, fast, json, yeast) = (1800, true, true, false)
fast = true

iLB1027_lipid
----------------------------------
number of metabolites : 2172
number of reactions : 4456
number of genes : 1027

MOI.get(master_problem, MOI.RawOptimizerAttribute("numerics/feastol")) = 1.0e-6
multiple_mis = 134
max_cuts = 89
(indicator, big_m) = (true, false)
INDICATOR ADDED
model with 4456 flux variables and 8868 variables in total
master problem solved
feasible = false
[length(mis) for mis = unique(C_list)] = [3, 3, 19, 3, 4, 6, 3, 423, 3, 15, 126, 21, 3, 24, 38, 34, 10, 4, 24, 35, 4, 36, 34, 4, 19, 15, 29, 46, 10, 134, 282, 4, 71, 4, 15, 18, 13, 3, 16, 10, 6, 15, 11, 130, 6, 101, 63, 4, 32, 3, 7]
length(C_list) = 51
sub problem solved
iter = 1
[length(mis) for mis = unique(C_list)] = [3, 4, 6, 6, 3, 235, 7, 6, 3, 102, 18, 4, 8, 5, 10, 5, 12]
length(C_list) = 17
termination_sub = MathOptInterface.INFEASIBLE
iter = 2
termination_master = MathOptInterface.TIME_LIMIT
BoundsError((missing, Any[0.35960670777573717, 0.3596067077757537], Any[0.35960670777573717, 0.3596067077757537], missing, missing, missing, missing, missing, 1800.0578877925873, MathOptInterface.INFEASIBLE, 2, Any[(Any[], Any[4188, 4293, 4301], 3), (Any[31], Any[59, 60], 3), (Any[9, 58], Any[60], 3), (Any[3596, 3600], Any[3650], 3), (Any[4006, 4372], Any[4345], 3), (Any[3577, 3601], Any[3650], 3), (Any[9, 83], Any[88], 3), (Any[31, 86], Any[88], 3), (Any[3684, 4006, 4372], Any[4345], 4), (Any[3596, 3600], Any[911, 3650], 4), (Any[9], Any[30, 59, 60], 4), (Any[9, 83], Any[60, 84], 4), (Any[402, 4006, 4372], Any[4345], 4), (Any[4006, 4372], Any[20, 4345], 4), (Any[186], Any[4188, 4293, 4301], 4), (Any[6, 3873, 3902, 3980], Any[353, 3978], 6), (Any[31, 86, 365, 3483, 3495], Any[88], 6), (Any[55, 90, 3300, 3577, 3601], Any[3650], 6), (Any[894, 1762, 3179, 3206, 3577, 3601], Any[3650], 7), (Any[337, 3900, 3919, 3943, 4056, 4353, 4392], Any[25, 388, 3937], 10), (Any[945, 1405, 2556, 3859, 3866, 4006, 4372, 4409], Any[4167, 4345], 10), (Any[31, 86, 149, 393, 476, 1529, 2371, 3140, 3702], Any[88], 10), (Any[94, 112, 337, 3900, 3919, 3943, 4056, 4392], Any[25, 388, 3937], 11), (Any[81, 110, 112, 337, 3736, 3900, 3919, 3943, 4056, 4392], Any[25, 388, 3937], 13), (Any[14, 16, 337, 3900, 3919, 3943, 4056, 4265, 4284, 4390, 4392], Any[25, 388, 3937, 4038], 15), (Any[48, 49, 337, 3900, 3919, 3943, 4056, 4265, 4284, 4390, 4392], Any[25, 388, 3937, 4038], 15), (Any[78, 337, 3606, 3900, 3919, 3943, 4056, 4265, 4284, 4390, 4392], Any[25, 388, 3937, 4038], 15), (Any[85, 91, 337, 3900, 3919, 3943, 4056, 4265, 4284, 4390, 4392], Any[25, 388, 3937, 4038], 15), (Any[85, 91, 337, 3762, 3900, 3919, 3943, 4056, 4265, 4284, 4390, 4392], Any[25, 388, 3937, 4038], 16), (Any[79, 243, 337, 3572, 3617, 3900, 3919, 3943, 4056, 4131, 4265, 4284, 4390, 4392], Any[25, 388, 3937, 4038], 18), (Any[3, 9, 57, 58, 68, 337, 3336, 3900, 3919, 3943, 4056, 4265, 4284, 4390, 4392, 4406], Any[25, 388, 3937], 19), (Any[45, 243, 337, 338, 1441, 1674, 3900, 3919, 3943, 4056, 4131, 4265, 4284, 4390, 4392], Any[25, 388, 3937, 4038], 19), (Any[17, 243, 311, 337, 338, 3615, 3632, 3662, 3900, 3919, 3943, 4056, 4131, 4265, 4284, 4390, 4392], Any[25, 388, 3937, 4038], 21), (Any[81, 110, 112, 271, 337, 3753, 3762, 3900, 3919, 3943, 4036, 4056, 4187, 4255, 4392], Any[20, 25, 388, 3733, 3745, 3759, 3923, 3937, 4038], 24), (Any[27, 243, 337, 338, 459, 494, 511, 521, 607, 2815, 2895, 3900, 3919, 3943, 4056, 4131, 4265, 4284, 4390, 4392], Any[25, 388, 3937, 4038], 24), (Any[6, 55, 243, 337, 338, 345, 420, 3782, 3900, 3902, 3919, 3943, 3980, 4056, 4131, 4187, 4265, 4284, 4292, 4390, 4392], Any[25, 353, 388, 3882, 3937, 3978, 4038, 4389], 29), (Any[29, 86, 127, 230, 243, 268, 281, 295, 336, 337, 338, 358, 368, 417, 3730, 3900, 3919, 3943, 4048, 4056, 4116, 4131, 4265, 4284, 4390, 4392], Any[25, 88, 353, 388, 3937, 4038], 32), (Any[6, 17, 23, 191, 243, 311, 337, 338, 345, 3641, 3654, 3659, 3782, 3900, 3902, 3919, 3943, 3980, 4056, 4131, 4187, 4265, 4284, 4292, 4390, 4392], Any[25, 353, 388, 3882, 3937, 3978, 4038, 4389], 34), (Any[32, 35, 81, 86, 208, 268, 281, 337, 358, 445, 3630, 3738, 3753, 3762, 3900, 3919, 3943, 4036, 4056, 4187, 4255, 4265, 4284, 4390, 4392], Any[25, 88, 353, 388, 3733, 3745, 3759, 3937, 4038], 34), (Any[29, 35, 81, 110, 112, 208, 268, 281, 337, 358, 3630, 3738, 3753, 3762, 3900, 3919, 3943, 4036, 4056, 4187, 4255, 4265, 4284, 4390, 4392], Any[25, 59, 60, 353, 388, 3733, 3745, 3759, 3937, 4038], 35), (Any[32, 35, 81, 117, 208, 268, 281, 337, 358, 3630, 3738, 3753, 3762, 3900, 3919, 3943, 3946, 4036, 4056, 4132, 4187, 4255, 4265, 4284, 4390, 4392], Any[25, 59, 60, 353, 388, 3733, 3745, 3759, 3937, 4038], 36), (Any[17, 21, 107, 191, 243, 271, 311, 325, 337, 338, 441, 465, 478, 482, 3603, 3641, 3649, 3654, 3659, 3900, 3919, 3943, 4056, 4089, 4107, 4108, 4131, 4153, 4200, 4255, 4265, 4284, 4390, 4392], Any[25, 388, 3937, 4038], 38), (Any[32, 62, 63, 136, 137, 243, 270, 273, 277, 364, 402, 560, 738, 748, 1042, 1196, 1230, 1634, 1670, 1697, 2802, 2810, 2888, 2900, 2909, 2913, 2922, 2931, 2944, 2945, 3049, 3108, 3162, 3165, 4036, 4113, 4172, 4276], Any[72, 135, 272, 320, 911, 4188, 4293, 4301], 46), (Any[5, 31, 153, 399, 465, 474, 501, 503, 581, 590, 624, 778, 785, 797, 801, 810, 827, 836, 869, 982, 1027, 1038, 1059, 1166, 1226, 1253, 1288, 1309, 1398, 1415, 1472, 1501, 1505, 1519, 1549, 1613, 1616, 1664, 1666, 1678, 1683, 2616, 2625, 2798, 2808, 2871, 2872, 2884, 2885, 3021, 3027, 3875, 3919, 3943, 4056, 4170, 4265, 4408], Any[25, 59, 60, 388, 3937], 63), (Any[17, 29, 32, 153, 186, 268, 273, 277, 337, 338, 358, 364, 378, 383, 387, 407, 465, 475, 550, 582, 696, 708, 727, 729, 751, 753, 816, 921, 1038, 1214, 1283, 1305, 1312, 1318, 1625, 2114, 2123, 2836, 2840, 3590, 3600, 3603, 3754, 3862, 3900, 3919, 3943, 3990, 4006, 4036, 4056, 4187, 4265, 4276, 4284, 4292, 4372, 4390, 4392], Any[25, 111, 377, 381, 384, 388, 425, 3728, 3937, 4038, 4345, 4389], 71), (Any[31, 44, 90, 128, 147, 149, 150, 160, 161, 186, 190, 199, 200, 217, 244, 273, 310, 325, 337, 341, 364, 368, 378, 383, 392, 393, 394, 407, 423, 435, 824, 833, 851, 890, 934, 1041, 1069, 1309, 1486, 1549, 1616, 1666, 1683, 1992, 2012, 2217, 2450, 2462, 2480, 2569, 2655, 2680, 2747, 2775, 2796, 2874, 2990, 2998, 3009, 3028, 3122, 3393, 3715, 3720, 3722, 3762, 3777, 3900, 3902, 3912, 3919, 3943, 4036, 4045, 4046, 4056, 4073, 4150, 4151, 4187, 4265, 4284, 4292, 4390, 4392], Any[25, 59, 60, 77, 111, 377, 381, 384, 388, 425, 1532, 3733, 3937, 4053, 4318, 4389], 101), (Any[15, 44, 46, 243, 268, 337, 338, 358, 470, 484, 495, 496, 506, 523, 556, 557, 571, 574, 577, 579, 587, 599, 606, 608, 612, 620, 645, 657, 659, 660, 669, 679, 681, 750, 775, 776, 787, 788, 790, 792, 817, 828, 830, 832, 853, 868, 870, 874, 875, 880, 888, 914, 929, 934, 947, 953, 986, 1042, 1072, 1075, 1077, 1107, 1121, 1147, 1175, 1194, 1268, 1272, 1280, 1285, 1307, 1317, 1391, 1396, 1398, 1421, 1454, 1460, 1523, 1537, 1550, 1580, 1598, 1620, 1646, 1670, 1688, 1697, 1711, 1721, 1836, 1847, 1968, 1986, 2469, 2472, 2482, 2506, 2739, 2798, 2799, 2816, 2817, 2857, 2862, 2868, 2877, 2886, 2894, 3866, 3900, 3917, 3919, 3943, 4056, 4060, 4131, 4166, 4265, 4284, 4390, 4392], Any[25, 388, 3937, 4038], 126), (Any[7, 8, 94, 112, 337, 338, 370, 494, 501, 502, 516, 518, 534, 551, 563, 565, 573, 587, 589, 596, 597, 610, 618, 622, 626, 627, 638, 639, 690, 694, 695, 696, 700, 708, 711, 719, 738, 741, 751, 764, 767, 816, 819, 836, 850, 857, 876, 909, 912, 918, 919, 933, 958, 964, 1013, 1021, 1050, 1113, 1118, 1119, 1146, 1196, 1197, 1211, 1220, 1225, 1253, 1254, 1271, 1280, 1401, 1404, 1427, 1432, 1473, 1481, 1496, 1510, 1513, 1580, 1609, 1611, 1645, 1677, 1680, 1684, 1696, 1697, 1698, 1699, 1757, 1770, 1782, 1839, 1846, 1847, 1907, 1913, 1924, 2031, 2050, 2227, 2240, 2773, 2823, 2830, 2832, 2836, 2837, 2838, 2846, 2850, 2860, 2885, 3017, 3070, 3630, 3793, 3900, 3919, 3943, 4056, 4131, 4381, 4392, 4403], Any[25, 388, 3923, 3937], 130), (Any[6, 9, 16, 35, 44, 68, 91, 106, 108, 110, 118, 125, 126, 199, 200, 208, 250, 265, 271, 287, 303, 309, 325, 337, 338, 363, 368, 378, 382, 392, 393, 395, 405, 407, 411, 413, 417, 418, 423, 434, 475, 487, 617, 871, 1003, 1023, 1220, 1272, 1273, 1634, 1647, 1671, 1847, 1852, 2932, 3259, 3577, 3578, 3601, 3630, 3643, 3656, 3730, 3753, 3782, 3842, 3846, 3847, 3875, 3899, 3900, 3912, 3922, 3936, 3975, 3984, 3987, 3988, 3991, 4020, 4036, 4041, 4044, 4045, 4047, 4062, 4115, 4151, 4158, 4170, 4187, 4218, 4276, 4292, 4392, 4403, 4407], Any[20, 25, 34, 36, 59, 60, 76, 114, 233, 301, 388, 412, 3473, 3650, 3728, 3731, 3732, 3745, 3849, 3905, 3913, 3923, 3970, 3982, 3996, 4026, 4037, 4081, 4098, 4161, 4173, 4195, 4253, 4318, 4319, 4389, 4400], 134), (Any[3, 9, 13, 15, 16, 17, 19, 29, 32, 42, 57, 58, 63, 68, 91, 106, 107, 117, 118, 124, 163, 174, 177, 220, 222, 238, 271, 277, 278, 279, 314, 337, 348, 351, 363, 389, 390, 391, 402, 409, 420, 486, 494, 508, 509, 518, 520, 531, 532, 539, 541, 546, 550, 555, 558, 559, 565, 572, 583, 592, 596, 601, 606, 628, 635, 645, 648, 649, 650, 654, 688, 698, 725, 728, 743, 752, 761, 774, 776, 792, 801, 823, 827, 828, 833, 844, 852, 864, 888, 892, 924, 925, 986, 1058, 1060, 1061, 1062, 1063, 1080, 1201, 1214, 1221, 1226, 1256, 1287, 1288, 1295, 1318, 1340, 1414, 1416, 1456, 1457, 1460, 1490, 1492, 1500, 1524, 1547, 1593, 1629, 1640, 1652, 1694, 1695, 2430, 2432, 2578, 2586, 2697, 2723, 2734, 2817, 2828, 2855, 2861, 2888, 2890, 2891, 2895, 2896, 2901, 2903, 2913, 2917, 2921, 2935, 2936, 2938, 2976, 2989, 3014, 3034, 3059, 3061, 3119, 3160, 3162, 3163, 3232, 3233, 3235, 3238, 3242, 3248, 3249, 3250, 3261, 3263, 3264, 3265, 3268, 3269, 3274, 3275, 3276, 3278, 3279, 3280, 3286, 3309, 3311, 3323, 3331, 3336, 3355, 3364, 3371, 3393, 3418, 3419, 3420, 3421, 3422, 3426, 3428, 3432, 3433, 3435, 3436, 3441, 3442, 3443, 3444, 3445, 3446, 3447, 3448, 3449, 3450, 3452, 3453, 3454, 3455, 3456, 3457, 3458, 3459, 3460, 3461, 3462, 3464, 3466, 3520, 3651, 3652, 3656, 3660, 3668, 3781, 3793, 3794, 3847, 3871, 3900, 3919, 3922, 3943, 3984, 3991, 4041, 4047, 4051, 4056, 4115, 4121, 4187, 4218, 4224, 4265, 4276, 4284, 4292, 4309, 4320, 4326, 4348, 4388, 4390, 4392, 4397, 4401, 4403, 4406], Any[25, 92, 133, 203, 297, 304, 353, 388, 408, 3319, 3340, 3368, 3849, 3905, 3937, 4114, 4282, 4389], 282), (Any[8, 12, 13, 15, 17, 19, 29, 42, 44, 48, 50, 51, 55, 57, 69, 73, 81, 86, 90, 100, 110, 116, 117, 119, 124, 125, 128, 137, 148, 150, 151, 152, 160, 161, 174, 177, 183, 190, 191, 217, 220, 222, 227, 231, 240, 243, 244, 245, 259, 266, 267, 270, 271, 273, 274, 275, 276, 277, 278, 279, 284, 288, 296, 302, 303, 305, 309, 310, 317, 327, 333, 335, 337, 338, 339, 340, 341, 347, 348, 364, 371, 378, 382, 383, 390, 391, 392, 393, 394, 395, 400, 404, 407, 409, 416, 431, 433, 434, 435, 440, 445, 451, 456, 460, 464, 466, 473, 475, 480, 486, 493, 497, 498, 499, 507, 508, 509, 510, 524, 559, 575, 580, 583, 593, 595, 644, 648, 651, 703, 704, 705, 706, 707, 713, 714, 715, 721, 723, 726, 733, 737, 765, 774, 777, 786, 793, 795, 802, 805, 811, 851, 854, 894, 921, 955, 1041, 1069, 1081, 1129, 1146, 1196, 1216, 1257, 1260, 1283, 1318, 1342, 1368, 1408, 1443, 1444, 1455, 1525, 1530, 1539, 1565, 1569, 1597, 1625, 1630, 1658, 1666, 1667, 1724, 2743, 2746, 2787, 2828, 2840, 2890, 2902, 2919, 3117, 3204, 3210, 3231, 3232, 3233, 3235, 3237, 3238, 3242, 3246, 3247, 3248, 3249, 3250, 3255, 3256, 3261, 3262, 3263, 3264, 3265, 3266, 3268, 3269, 3270, 3271, 3272, 3273, 3274, 3275, 3277, 3278, 3279, 3280, 3281, 3282, 3283, 3284, 3286, 3292, 3293, 3303, 3305, 3306, 3311, 3316, 3329, 3344, 3345, 3365, 3370, 3371, 3372, 3373, 3390, 3475, 3520, 3557, 3590, 3596, 3597, 3603, 3621, 3647, 3653, 3657, 3679, 3680, 3682, 3701, 3706, 3710, 3715, 3720, 3722, 3739, 3747, 3753, 3777, 3814, 3842, 3847, 3862, 3863, 3874, 3875, 3876, 3888, 3900, 3901, 3903, 3907, 3914, 3919, 3926, 3936, 3943, 3947, 3965, 3975, 3977, 3999, 4000, 4006, 4008, 4009, 4010, 4011, 4012, 4014, 4041, 4045, 4051, 4056, 4059, 4066, 4074, 4091, 4121, 4127, 4128, 4129, 4131, 4150, 4151, 4158, 4174, 4211, 4235, 4260, 4265, 4270, 4284, 4315, 4316, 4343, 4375, 4388, 4390, 4392, 4397, 4401, 4403, 4406], Any[25, 59, 60, 72, 77, 105, 109, 111, 133, 135, 138, 232, 297, 304, 320, 344, 353, 377, 381, 384, 388, 412, 425, 438, 439, 673, 3168, 3169, 3170, 3171, 3172, 3173, 3176, 3178, 3180, 3181, 3185, 3187, 3188, 3189, 3190, 3191, 3200, 3201, 3202, 3203, 3209, 3368, 3477, 3532, 3539, 3552, 3560, 3565, 3584, 3593, 3594, 3595, 3604, 3610, 3612, 3650, 3671, 3721, 3733, 3745, 3759, 3761, 3882, 3923, 3937, 3939, 3940, 3976, 4026, 4037, 4038, 4043, 4058, 4114, 4161, 4173, 4295, 4345, 4396, 4400], 423), (Any[4188, 4293, 4301], Any[], 3), (Any[59, 60], Any[31], 3), (Any[30, 58, 59], Any[], 3), (Any[133, 401], Any[302, 402], 4), (Any[3700, 4188, 4293, 4301], Any[], 4), (Any[133, 401, 2757], Any[302, 402], 5), (Any[1105, 1303, 4188, 4293, 4301], Any[], 5), (Any[3615, 3632, 3662], Any[3633, 3641, 3659], 6), (Any[3654, 3658, 3661], Any[3633, 3641, 3659], 6), (Any[3651, 3652, 3660], Any[3633, 3641, 3659], 6), (Any[11, 58, 59, 3903], Any[31, 353, 3875], 7), (Any[13, 133, 401, 1300, 4049], Any[302, 402, 3906], 8), (Any[11, 58, 59, 295, 432, 1239, 3903], Any[31, 353, 3875], 10), (Any[133, 401, 717, 814, 1383, 1900, 1935, 2408, 2412, 2785], Any[302, 402], 12), (Any[470, 505, 821, 1344, 1529, 1585, 1932, 2735, 2783, 3651, 3652, 3660], Any[170, 3633, 3641, 3650, 3659, 3995], 18), (Any[259, 502, 504, 534, 589, 591, 602, 626, 639, 727, 751, 766, 790, 814, 1083, 1090, 1093, 1196, 1546, 1551, 1558, 1560, 1661, 1909, 2179, 2186, 2437, 2440, 2484, 2487, 2497, 2520, 2554, 2746, 2825, 2852, 3140, 3295, 3308, 3309, 3313, 3317, 3323, 3346, 3354, 3355, 3359, 3376, 3378, 3381, 3382, 3384, 3385, 3391, 3392, 3393, 3394, 3395, 3396, 3403, 3407, 3409, 3410, 3417, 3418, 3419, 3420, 3421, 3422, 3426, 3428, 3432, 3433, 3435, 3436, 3443, 3444, 3446, 3447, 3450, 3452, 3453, 3454, 3462, 3654, 3658, 3661, 3700, 3705, 3795, 4181, 4235, 4381], Any[491, 3351, 3357, 3358, 3402, 3633, 3641, 3659, 3923], 102), (Any[9, 11, 17, 18, 23, 26, 29, 42, 57, 58, 59, 62, 63, 65, 68, 129, 133, 135, 136, 137, 220, 222, 231, 243, 244, 268, 270, 273, 277, 352, 363, 364, 401, 422, 459, 467, 470, 481, 486, 490, 497, 505, 526, 537, 572, 590, 614, 680, 769, 770, 773, 790, 791, 809, 812, 818, 827, 828, 838, 867, 875, 888, 889, 894, 938, 945, 963, 983, 1006, 1023, 1030, 1042, 1043, 1058, 1060, 1069, 1092, 1097, 1102, 1105, 1124, 1125, 1130, 1172, 1199, 1200, 1211, 1216, 1221, 1226, 1233, 1239, 1249, 1263, 1281, 1314, 1379, 1384, 1450, 1454, 1492, 1496, 1572, 1619, 1646, 1647, 1665, 1683, 1684, 1698, 1724, 1818, 2157, 2161, 2233, 2270, 2273, 2315, 2317, 2469, 2480, 2488, 2490, 2544, 2551, 2576, 2652, 2662, 2707, 2710, 2713, 2718, 2773, 2806, 2807, 2813, 2834, 2838, 2845, 2860, 2877, 2889, 2894, 2920, 2996, 3295, 3300, 3313, 3315, 3316, 3318, 3329, 3346, 3352, 3359, 3365, 3374, 3376, 3378, 3381, 3382, 3384, 3385, 3391, 3392, 3393, 3394, 3395, 3396, 3598, 3603, 3605, 3616, 3621, 3792, 3793, 3794, 3814, 3816, 3842, 3866, 3874, 3884, 3903, 4036, 4044, 4111, 4115, 4181, 4211, 4232, 4255, 4267, 4292, 4331, 4335, 4346, 4359, 4391, 4398, 4402, 4409], Any[20, 31, 33, 72, 92, 138, 232, 272, 297, 304, 320, 408, 3340, 3351, 3357, 3358, 3361, 3362, 3363, 3367, 3368, 3369, 3402, 3595, 3641, 3733, 3736, 3745, 3759, 3784, 4167, 4248, 4249], 235)], Any[66.94636011123657, 23.837119102478027, 1800.0177118778229], Any[0.06739497184753418, 0.027209043502807617], Any[20.218374967575073, 15.647119998931885]), 16)
