┌ Warning: flux through non-zero reactions is thermo feasible
└ @ Main ~/git/Loopless_Fluxes_with_Mixed_Integer_Optimization/src/cuts_decomposition.jl:539
┌ Warning: flux through non-zero reactions is thermo feasible
└ @ Main ~/git/Loopless_Fluxes_with_Mixed_Integer_Optimization/src/cuts_decomposition.jl:539
┌ Warning: flux through non-zero reactions is thermo feasible
└ @ Main ~/git/Loopless_Fluxes_with_Mixed_Integer_Optimization/src/cuts_decomposition.jl:539
┌ Warning: master problem cannot be solved
└ @ Main ~/git/Loopless_Fluxes_with_Mixed_Integer_Optimization/src/cuts_decomposition.jl:486
ENV["GRB_LICENSE_FILE"] = "/home/htc/htroppen/gurobi.lic"
iLB1027_lipid
(time_limit, fast, json, yeast) = (1800, true, true, false)
fast = true

iLB1027_lipid
----------------------------------
number of metabolites : 2172
number of reactions : 4456
number of genes : 1027

MOI.get(master_problem, MOI.RawOptimizerAttribute("numerics/feastol")) = 1.0e-6
multiple_mis = 89
max_cuts = 45
(indicator, big_m) = (true, false)
INDICATOR ADDED
model with 4456 flux variables and 8868 variables in total
master problem solved
feasible = false
[length(mis) for mis = unique(C_list)] = [3, 3, 19, 3, 4, 6, 3, 423, 3, 15, 126, 21, 3, 24, 38, 34, 10, 4, 24, 35, 4, 36, 34, 4, 19, 15, 29, 46, 10, 134, 282, 4, 71, 4, 15, 18, 13, 3, 16, 10, 6]
length(C_list) = 41
sub problem solved
iter = 1
[length(mis) for mis = unique(C_list)] = [6, 3, 3, 4, 4, 3, 6, 4, 3, 6, 5, 9, 217, 5, 5, 25, 4, 13, 7, 7, 10, 4, 6, 6, 119]
length(C_list) = 25
termination_sub = MathOptInterface.INFEASIBLE
iter = 2
[length(mis) for mis = unique(C_list)] = [3, 7, 62, 158, 4, 4]
length(C_list) = 6
termination_sub = MathOptInterface.INFEASIBLE
iter = 3
[length(mis) for mis = unique(C_list)] = [3, 4, 20, 4, 4, 9, 4, 13, 5, 4, 4, 8, 151, 10, 4, 5, 3, 4, 79, 4, 4, 4, 4, 28, 14, 12, 15, 503, 532, 15, 31, 4, 5, 3, 186, 10, 4, 4, 10, 4, 4, 73, 32, 139, 6, 7, 7, 4, 6, 65, 20, 4, 8, 11, 4, 6, 4, 199, 9, 4, 75, 5, 6, 7, 4, 25, 6, 384, 6]
length(C_list) = 45
termination_sub = MathOptInterface.INFEASIBLE
iter = 4
[length(mis) for mis = unique(C_list)] = [8, 3, 172, 5, 150, 156, 108, 5, 313, 7, 47, 5]
length(C_list) = 12
termination_sub = MathOptInterface.INFEASIBLE
iter = 5
termination_master = MathOptInterface.TIME_LIMIT
BoundsError((missing, Any[0.35960670777573717, 0.35960670777581755, 0.3596067077755962, 0.3596067077757216, 0.35960670777568665], Any[0.35960670777573717, 0.35960670777581755, 0.3596067077755962, 0.3596067077757216, 0.35960670777568665], missing, missing, missing, missing, missing, 1800.0966529846191, MathOptInterface.INFEASIBLE, 5, Any[(Any[], Any[4188, 4293, 4301], 3), (Any[31], Any[59, 60], 3), (Any[9, 58], Any[60], 3), (Any[3596, 3600], Any[3650], 3), (Any[4006, 4372], Any[4345], 3), (Any[3577, 3601], Any[3650], 3), (Any[9, 83], Any[88], 3), (Any[3684, 4006, 4372], Any[4345], 4), (Any[3596, 3600], Any[911, 3650], 4), (Any[9], Any[30, 59, 60], 4), (Any[9, 83], Any[60, 84], 4), (Any[402, 4006, 4372], Any[4345], 4), (Any[4006, 4372], Any[20, 4345], 4), (Any[6, 3873, 3902, 3980], Any[353, 3978], 6), (Any[31, 86, 365, 3483, 3495], Any[88], 6), (Any[337, 3900, 3919, 3943, 4056, 4353, 4392], Any[25, 388, 3937], 10), (Any[945, 1405, 2556, 3859, 3866, 4006, 4372, 4409], Any[4167, 4345], 10), (Any[31, 86, 149, 393, 476, 1529, 2371, 3140, 3702], Any[88], 10), (Any[81, 110, 112, 337, 3736, 3900, 3919, 3943, 4056, 4392], Any[25, 388, 3937], 13), (Any[14, 16, 337, 3900, 3919, 3943, 4056, 4265, 4284, 4390, 4392], Any[25, 388, 3937, 4038], 15), (Any[48, 49, 337, 3900, 3919, 3943, 4056, 4265, 4284, 4390, 4392], Any[25, 388, 3937, 4038], 15), (Any[78, 337, 3606, 3900, 3919, 3943, 4056, 4265, 4284, 4390, 4392], Any[25, 388, 3937, 4038], 15), (Any[85, 91, 337, 3762, 3900, 3919, 3943, 4056, 4265, 4284, 4390, 4392], Any[25, 388, 3937, 4038], 16), (Any[79, 243, 337, 3572, 3617, 3900, 3919, 3943, 4056, 4131, 4265, 4284, 4390, 4392], Any[25, 388, 3937, 4038], 18), (Any[3, 9, 57, 58, 68, 337, 3336, 3900, 3919, 3943, 4056, 4265, 4284, 4390, 4392, 4406], Any[25, 388, 3937], 19), (Any[45, 243, 337, 338, 1441, 1674, 3900, 3919, 3943, 4056, 4131, 4265, 4284, 4390, 4392], Any[25, 388, 3937, 4038], 19), (Any[17, 243, 311, 337, 338, 3615, 3632, 3662, 3900, 3919, 3943, 4056, 4131, 4265, 4284, 4390, 4392], Any[25, 388, 3937, 4038], 21), (Any[81, 110, 112, 271, 337, 3753, 3762, 3900, 3919, 3943, 4036, 4056, 4187, 4255, 4392], Any[20, 25, 388, 3733, 3745, 3759, 3923, 3937, 4038], 24), (Any[27, 243, 337, 338, 459, 494, 511, 521, 607, 2815, 2895, 3900, 3919, 3943, 4056, 4131, 4265, 4284, 4390, 4392], Any[25, 388, 3937, 4038], 24), (Any[6, 55, 243, 337, 338, 345, 420, 3782, 3900, 3902, 3919, 3943, 3980, 4056, 4131, 4187, 4265, 4284, 4292, 4390, 4392], Any[25, 353, 388, 3882, 3937, 3978, 4038, 4389], 29), (Any[6, 17, 23, 191, 243, 311, 337, 338, 345, 3641, 3654, 3659, 3782, 3900, 3902, 3919, 3943, 3980, 4056, 4131, 4187, 4265, 4284, 4292, 4390, 4392], Any[25, 353, 388, 3882, 3937, 3978, 4038, 4389], 34), (Any[32, 35, 81, 86, 208, 268, 281, 337, 358, 445, 3630, 3738, 3753, 3762, 3900, 3919, 3943, 4036, 4056, 4187, 4255, 4265, 4284, 4390, 4392], Any[25, 88, 353, 388, 3733, 3745, 3759, 3937, 4038], 34), (Any[29, 35, 81, 110, 112, 208, 268, 281, 337, 358, 3630, 3738, 3753, 3762, 3900, 3919, 3943, 4036, 4056, 4187, 4255, 4265, 4284, 4390, 4392], Any[25, 59, 60, 353, 388, 3733, 3745, 3759, 3937, 4038], 35), (Any[32, 35, 81, 117, 208, 268, 281, 337, 358, 3630, 3738, 3753, 3762, 3900, 3919, 3943, 3946, 4036, 4056, 4132, 4187, 4255, 4265, 4284, 4390, 4392], Any[25, 59, 60, 353, 388, 3733, 3745, 3759, 3937, 4038], 36), (Any[17, 21, 107, 191, 243, 271, 311, 325, 337, 338, 441, 465, 478, 482, 3603, 3641, 3649, 3654, 3659, 3900, 3919, 3943, 4056, 4089, 4107, 4108, 4131, 4153, 4200, 4255, 4265, 4284, 4390, 4392], Any[25, 388, 3937, 4038], 38), (Any[32, 62, 63, 136, 137, 243, 270, 273, 277, 364, 402, 560, 738, 748, 1042, 1196, 1230, 1634, 1670, 1697, 2802, 2810, 2888, 2900, 2909, 2913, 2922, 2931, 2944, 2945, 3049, 3108, 3162, 3165, 4036, 4113, 4172, 4276], Any[72, 135, 272, 320, 911, 4188, 4293, 4301], 46), (Any[17, 29, 32, 153, 186, 268, 273, 277, 337, 338, 358, 364, 378, 383, 387, 407, 465, 475, 550, 582, 696, 708, 727, 729, 751, 753, 816, 921, 1038, 1214, 1283, 1305, 1312, 1318, 1625, 2114, 2123, 2836, 2840, 3590, 3600, 3603, 3754, 3862, 3900, 3919, 3943, 3990, 4006, 4036, 4056, 4187, 4265, 4276, 4284, 4292, 4372, 4390, 4392], Any[25, 111, 377, 381, 384, 388, 425, 3728, 3937, 4038, 4345, 4389], 71), (Any[15, 44, 46, 243, 268, 337, 338, 358, 470, 484, 495, 496, 506, 523, 556, 557, 571, 574, 577, 579, 587, 599, 606, 608, 612, 620, 645, 657, 659, 660, 669, 679, 681, 750, 775, 776, 787, 788, 790, 792, 817, 828, 830, 832, 853, 868, 870, 874, 875, 880, 888, 914, 929, 934, 947, 953, 986, 1042, 1072, 1075, 1077, 1107, 1121, 1147, 1175, 1194, 1268, 1272, 1280, 1285, 1307, 1317, 1391, 1396, 1398, 1421, 1454, 1460, 1523, 1537, 1550, 1580, 1598, 1620, 1646, 1670, 1688, 1697, 1711, 1721, 1836, 1847, 1968, 1986, 2469, 2472, 2482, 2506, 2739, 2798, 2799, 2816, 2817, 2857, 2862, 2868, 2877, 2886, 2894, 3866, 3900, 3917, 3919, 3943, 4056, 4060, 4131, 4166, 4265, 4284, 4390, 4392], Any[25, 388, 3937, 4038], 126), (Any[6, 9, 16, 35, 44, 68, 91, 106, 108, 110, 118, 125, 126, 199, 200, 208, 250, 265, 271, 287, 303, 309, 325, 337, 338, 363, 368, 378, 382, 392, 393, 395, 405, 407, 411, 413, 417, 418, 423, 434, 475, 487, 617, 871, 1003, 1023, 1220, 1272, 1273, 1634, 1647, 1671, 1847, 1852, 2932, 3259, 3577, 3578, 3601, 3630, 3643, 3656, 3730, 3753, 3782, 3842, 3846, 3847, 3875, 3899, 3900, 3912, 3922, 3936, 3975, 3984, 3987, 3988, 3991, 4020, 4036, 4041, 4044, 4045, 4047, 4062, 4115, 4151, 4158, 4170, 4187, 4218, 4276, 4292, 4392, 4403, 4407], Any[20, 25, 34, 36, 59, 60, 76, 114, 233, 301, 388, 412, 3473, 3650, 3728, 3731, 3732, 3745, 3849, 3905, 3913, 3923, 3970, 3982, 3996, 4026, 4037, 4081, 4098, 4161, 4173, 4195, 4253, 4318, 4319, 4389, 4400], 134), (Any[3, 9, 13, 15, 16, 17, 19, 29, 32, 42, 57, 58, 63, 68, 91, 106, 107, 117, 118, 124, 163, 174, 177, 220, 222, 238, 271, 277, 278, 279, 314, 337, 348, 351, 363, 389, 390, 391, 402, 409, 420, 486, 494, 508, 509, 518, 520, 531, 532, 539, 541, 546, 550, 555, 558, 559, 565, 572, 583, 592, 596, 601, 606, 628, 635, 645, 648, 649, 650, 654, 688, 698, 725, 728, 743, 752, 761, 774, 776, 792, 801, 823, 827, 828, 833, 844, 852, 864, 888, 892, 924, 925, 986, 1058, 1060, 1061, 1062, 1063, 1080, 1201, 1214, 1221, 1226, 1256, 1287, 1288, 1295, 1318, 1340, 1414, 1416, 1456, 1457, 1460, 1490, 1492, 1500, 1524, 1547, 1593, 1629, 1640, 1652, 1694, 1695, 2430, 2432, 2578, 2586, 2697, 2723, 2734, 2817, 2828, 2855, 2861, 2888, 2890, 2891, 2895, 2896, 2901, 2903, 2913, 2917, 2921, 2935, 2936, 2938, 2976, 2989, 3014, 3034, 3059, 3061, 3119, 3160, 3162, 3163, 3232, 3233, 3235, 3238, 3242, 3248, 3249, 3250, 3261, 3263, 3264, 3265, 3268, 3269, 3274, 3275, 3276, 3278, 3279, 3280, 3286, 3309, 3311, 3323, 3331, 3336, 3355, 3364, 3371, 3393, 3418, 3419, 3420, 3421, 3422, 3426, 3428, 3432, 3433, 3435, 3436, 3441, 3442, 3443, 3444, 3445, 3446, 3447, 3448, 3449, 3450, 3452, 3453, 3454, 3455, 3456, 3457, 3458, 3459, 3460, 3461, 3462, 3464, 3466, 3520, 3651, 3652, 3656, 3660, 3668, 3781, 3793, 3794, 3847, 3871, 3900, 3919, 3922, 3943, 3984, 3991, 4041, 4047, 4051, 4056, 4115, 4121, 4187, 4218, 4224, 4265, 4276, 4284, 4292, 4309, 4320, 4326, 4348, 4388, 4390, 4392, 4397, 4401, 4403, 4406], Any[25, 92, 133, 203, 297, 304, 353, 388, 408, 3319, 3340, 3368, 3849, 3905, 3937, 4114, 4282, 4389], 282), (Any[8, 12, 13, 15, 17, 19, 29, 42, 44, 48, 50, 51, 55, 57, 69, 73, 81, 86, 90, 100, 110, 116, 117, 119, 124, 125, 128, 137, 148, 150, 151, 152, 160, 161, 174, 177, 183, 190, 191, 217, 220, 222, 227, 231, 240, 243, 244, 245, 259, 266, 267, 270, 271, 273, 274, 275, 276, 277, 278, 279, 284, 288, 296, 302, 303, 305, 309, 310, 317, 327, 333, 335, 337, 338, 339, 340, 341, 347, 348, 364, 371, 378, 382, 383, 390, 391, 392, 393, 394, 395, 400, 404, 407, 409, 416, 431, 433, 434, 435, 440, 445, 451, 456, 460, 464, 466, 473, 475, 480, 486, 493, 497, 498, 499, 507, 508, 509, 510, 524, 559, 575, 580, 583, 593, 595, 644, 648, 651, 703, 704, 705, 706, 707, 713, 714, 715, 721, 723, 726, 733, 737, 765, 774, 777, 786, 793, 795, 802, 805, 811, 851, 854, 894, 921, 955, 1041, 1069, 1081, 1129, 1146, 1196, 1216, 1257, 1260, 1283, 1318, 1342, 1368, 1408, 1443, 1444, 1455, 1525, 1530, 1539, 1565, 1569, 1597, 1625, 1630, 1658, 1666, 1667, 1724, 2743, 2746, 2787, 2828, 2840, 2890, 2902, 2919, 3117, 3204, 3210, 3231, 3232, 3233, 3235, 3237, 3238, 3242, 3246, 3247, 3248, 3249, 3250, 3255, 3256, 3261, 3262, 3263, 3264, 3265, 3266, 3268, 3269, 3270, 3271, 3272, 3273, 3274, 3275, 3277, 3278, 3279, 3280, 3281, 3282, 3283, 3284, 3286, 3292, 3293, 3303, 3305, 3306, 3311, 3316, 3329, 3344, 3345, 3365, 3370, 3371, 3372, 3373, 3390, 3475, 3520, 3557, 3590, 3596, 3597, 3603, 3621, 3647, 3653, 3657, 3679, 3680, 3682, 3701, 3706, 3710, 3715, 3720, 3722, 3739, 3747, 3753, 3777, 3814, 3842, 3847, 3862, 3863, 3874, 3875, 3876, 3888, 3900, 3901, 3903, 3907, 3914, 3919, 3926, 3936, 3943, 3947, 3965, 3975, 3977, 3999, 4000, 4006, 4008, 4009, 4010, 4011, 4012, 4014, 4041, 4045, 4051, 4056, 4059, 4066, 4074, 4091, 4121, 4127, 4128, 4129, 4131, 4150, 4151, 4158, 4174, 4211, 4235, 4260, 4265, 4270, 4284, 4315, 4316, 4343, 4375, 4388, 4390, 4392, 4397, 4401, 4403, 4406], Any[25, 59, 60, 72, 77, 105, 109, 111, 133, 135, 138, 232, 297, 304, 320, 344, 353, 377, 381, 384, 388, 412, 425, 438, 439, 673, 3168, 3169, 3170, 3171, 3172, 3173, 3176, 3178, 3180, 3181, 3185, 3187, 3188, 3189, 3190, 3191, 3200, 3201, 3202, 3203, 3209, 3368, 3477, 3532, 3539, 3552, 3560, 3565, 3584, 3593, 3594, 3595, 3604, 3610, 3612, 3650, 3671, 3721, 3733, 3745, 3759, 3761, 3882, 3923, 3937, 3939, 3940, 3976, 4026, 4037, 4038, 4043, 4058, 4114, 4161, 4173, 4295, 4345, 4396, 4400], 423), (Any[60], Any[9, 58], 3), (Any[30, 83], Any[86], 3), (Any[88], Any[31, 86], 3), (Any[59, 60], Any[31], 3), (Any[30, 59, 60], Any[9], 4), (Any[60, 84], Any[31, 86], 4), (Any[30, 83, 2009], Any[86], 4), (Any[88, 2359], Any[31, 86], 4), (Any[30, 88], Any[9, 86], 4), (Any[60, 83], Any[31, 58, 86], 5), (Any[30, 60, 84], Any[9, 86], 5), (Any[88, 2625, 2792], Any[31, 86], 5), (Any[3654, 3658, 3661], Any[3633, 3641, 3659], 6), (Any[3651, 3652, 3660], Any[3633, 3641, 3659], 6), (Any[3615, 3632, 3662], Any[3633, 3641, 3659], 6), (Any[30, 60, 84, 325], Any[9, 86], 6), (Any[60, 83, 1946], Any[31, 58, 86], 6), (Any[3654, 3658, 3661, 3842], Any[3633, 3641, 3659], 7), (Any[2748, 3651, 3652, 3660], Any[3633, 3641, 3659], 7), (Any[3651, 3652, 3653, 3660, 3741], Any[121, 3633, 3641, 3659], 9), (Any[3615, 3632, 3662, 3700, 3940, 4010], Any[77, 3633, 3641, 3659], 10), (Any[629, 1223, 2285, 2771, 3259, 3651, 3652, 3654, 3660], Any[3633, 3641, 3659, 3763], 13), (Any[60, 481, 506, 561, 748, 824, 983, 1067, 1079, 1218, 1296, 1418, 1491, 1517, 1550, 1623, 1651, 1664, 1697, 2695, 2807, 3282, 3735], Any[9, 58], 25), (Any[16, 30, 42, 57, 63, 65, 83, 87, 91, 105, 106, 107, 129, 139, 152, 190, 217, 220, 222, 244, 296, 338, 341, 351, 409, 410, 433, 449, 451, 460, 507, 513, 521, 558, 581, 586, 620, 628, 632, 643, 675, 678, 681, 686, 739, 787, 794, 806, 816, 875, 880, 928, 1049, 1092, 1136, 1228, 1264, 1329, 1330, 1349, 1394, 1414, 1417, 1426, 1466, 1484, 1521, 1539, 1553, 1619, 1626, 1676, 1686, 1938, 2366, 2800, 2832, 2876, 2879, 2896, 3099, 3204, 3331, 3461, 3605, 3740, 3753, 3777, 3844, 3899, 3931, 3984, 3991, 4089, 4150, 4151, 4160, 4181, 4218, 4232, 4255, 4292, 4346, 4389, 4391], Any[86, 305, 3340, 3733, 3742, 3766, 3849, 3879, 3932, 3986, 4037, 4038, 4053, 4162], 119), (Any[3, 7, 8, 18, 30, 49, 55, 63, 83, 101, 153, 158, 186, 199, 238, 249, 254, 271, 279, 287, 290, 337, 340, 345, 350, 351, 370, 388, 389, 394, 395, 407, 420, 445, 449, 467, 473, 481, 497, 505, 506, 510, 518, 523, 524, 544, 557, 562, 563, 600, 607, 613, 648, 650, 671, 717, 731, 744, 755, 773, 783, 831, 838, 846, 871, 887, 911, 928, 1076, 1077, 1125, 1211, 1220, 1222, 1324, 1331, 1356, 1373, 1397, 1401, 1419, 1453, 1463, 1512, 1624, 1665, 1667, 1678, 1698, 1727, 1730, 1746, 2363, 2416, 2449, 2479, 2510, 2512, 2587, 2627, 2655, 2799, 2800, 2801, 2814, 2884, 2894, 3282, 3300, 3305, 3308, 3309, 3315, 3317, 3319, 3323, 3329, 3336, 3338, 3342, 3350, 3352, 3354, 3355, 3359, 3364, 3403, 3407, 3409, 3410, 3417, 3441, 3442, 3446, 3447, 3448, 3449, 3450, 3452, 3453, 3454, 3455, 3456, 3457, 3458, 3459, 3460, 3461, 3462, 3464, 3466, 3507, 3557, 3603, 3642, 3648, 3670, 3674, 3681, 3782, 3823, 3827, 3838, 3840, 3852, 3853, 3856, 3868, 3873, 3883, 3965, 3968, 3975, 4009, 4010, 4011, 4012, 4014, 4018, 4032, 4036, 4044, 4130, 4151, 4153, 4166, 4235, 4266, 4267, 4276, 4346, 4375, 4376, 4383, 4388, 4389, 4402], Any[20, 86, 226, 381, 3339, 3340, 3341, 3343, 3347, 3349, 3351, 3357, 3358, 3745, 3913, 3956, 4026, 4037, 4038, 4396], 217), (Any[30, 58, 59], Any[], 3), (Any[30, 58, 59, 2228], Any[], 4), (Any[30, 58, 59, 86], Any[], 4), (Any[30, 58, 59, 1311, 2785, 2801, 2802], Any[], 7), (Any[17, 30, 37, 57, 58, 59, 68, 90, 172, 250, 311, 337, 338, 368, 419, 427, 453, 456, 500, 673, 720, 721, 723, 733, 3202, 3473, 3477, 3532, 3539, 3552, 3560, 3565, 3615, 3632, 3715, 3730, 3912, 4017, 4018, 4020, 4045, 4191, 4265, 4284, 4291, 4383, 4390, 4398, 4402], Any[353, 377, 672, 1374, 3672, 3733, 3873, 4016, 4038, 4050, 4188, 4268, 4301], 62), (Any[15, 30, 48, 57, 58, 59, 68, 69, 70, 75, 81, 103, 153, 163, 167, 199, 200, 250, 273, 278, 287, 301, 303, 329, 351, 352, 379, 387, 445, 468, 469, 470, 471, 474, 475, 491, 493, 500, 514, 519, 556, 562, 594, 620, 648, 649, 770, 844, 849, 885, 1008, 1038, 1040, 1059, 1076, 1214, 1232, 1243, 1284, 1398, 1415, 1437, 1606, 1680, 1684, 2092, 2116, 2181, 2186, 2189, 2332, 2346, 2347, 2410, 2533, 2638, 2641, 2703, 2760, 2778, 2779, 2795, 2798, 2808, 2884, 2885, 2890, 2892, 2902, 2903, 2919, 2921, 2945, 3035, 3068, 3090, 3103, 3104, 3109, 3124, 3130, 3138, 3150, 3167, 3196, 3197, 3198, 3199, 3315, 3352, 3557, 3602, 3616, 3657, 3714, 3720, 3725, 3793, 3794, 3902, 3912, 3914, 3996, 4017, 4020, 4030, 4036, 4045, 4159, 4187, 4190, 4284, 4292, 4318, 4319, 4390, 4398, 4403], Any[9, 72, 104, 166, 353, 3607, 3611, 3613, 3721, 3733, 3745, 3759, 3784, 3923, 4016, 4026, 4038, 4155, 4234, 4249], 158), (Any[4188, 4293, 4301], Any[], 3), (Any[166, 4383], Any[170], 3), (Any[404, 3857], Any[4346], 3), (Any[921, 1054], Any[3662, 3672], 4), (Any[912, 1014], Any[3662, 3672], 4), (Any[901, 998], Any[3662, 3672], 4), (Any[562, 974], Any[3662, 3672], 4), (Any[79, 4188, 4293, 4301], Any[], 4), (Any[1116, 1148], Any[3662, 3672], 4), (Any[14, 16], Any[3662, 3672], 4), (Any[590, 981], Any[3662, 3672], 4), (Any[1152, 1184], Any[3662, 3672], 4), (Any[917, 1047], Any[3662, 3672], 4), (Any[3573, 3601], Any[3662, 3672], 4), (Any[893, 1024], Any[3662, 3672], 4), (Any[1111, 1142], Any[3662, 3672], 4), (Any[1115, 1147], Any[3662, 3672], 4), (Any[1163, 1188], Any[3662, 3672], 4), (Any[592, 984], Any[3662, 3672], 4), (Any[580, 972], Any[3662, 3672], 4), (Any[933, 995], Any[3662, 3672], 4), (Any[915, 1020], Any[3662, 3672], 4), (Any[1130, 1850], Any[3662, 3672], 4), (Any[1181, 1210], Any[3662, 3672], 4), (Any[630, 1011], Any[3662, 3672], 4), (Any[85, 91], Any[3662, 3672], 4), (Any[9, 353, 3875], Any[11, 3903], 5), (Any[588, 973, 2668], Any[3662, 3672], 5), (Any[3676, 4391], Any[35, 3660, 3672], 5), (Any[3573, 3601, 3831], Any[3662, 3672], 5), (Any[60, 353, 3875], Any[11, 58, 3903], 6), (Any[579, 971, 3676], Any[35, 3660, 3672], 6), (Any[566, 978, 3676], Any[35, 3660, 3672], 6), (Any[88, 353, 3875], Any[11, 83, 3903], 6), (Any[607, 996, 3676], Any[35, 3660, 3672], 6), (Any[909, 1039, 1101, 2846], Any[3662, 3672], 6), (Any[31, 353, 3875], Any[11, 58, 59, 3903], 7), (Any[3597, 3600, 3616, 3676], Any[35, 3660, 3672], 7), (Any[88, 353, 3875], Any[11, 58, 84, 3903], 7), (Any[3676, 4193, 4291, 4293], Any[35, 3660, 3672, 4268], 8), (Any[908, 1012, 1049, 3676, 3947], Any[35, 3660, 3672], 8), (Any[6, 9, 3873, 3875, 3902, 3980], Any[11, 3903, 3978], 9), (Any[79, 3572, 3617, 4191, 4291, 4293], Any[3662, 3672, 4268], 9), (Any[15, 338, 1335, 1550, 4191, 4291, 4293], Any[3662, 3672, 4268], 10), (Any[337, 810, 981, 1010, 1130, 1797, 1850], Any[3662, 3672, 3884], 10), (Any[88], Any[60, 84], 3), (Any[88, 133, 401], Any[60, 84], 5), (Any[88, 3329, 4132], Any[60, 84], 5), (Any[88, 1914, 2699], Any[60, 84], 5), (Any[88, 268, 963, 1202, 1377], Any[60, 84], 7), (Any[128, 3937, 3946], Any[3891, 3915, 3919, 3943, 4056], 8), (Any[13, 42, 88, 220, 222, 235, 259, 363, 393, 470, 612, 614, 633, 636, 647, 666, 971, 993, 1090, 1296, 1549, 1551, 1560, 1611, 1668, 2236, 2682, 2796, 2850, 2859, 2880, 3510, 3517, 3581, 3776, 3784, 4060, 4115, 4249, 4265, 4284, 4383, 4390], Any[60, 84, 388, 3745], 47), (Any[17, 32, 81, 88, 110, 112, 208, 225, 295, 337, 350, 389, 394, 399, 422, 470, 476, 477, 482, 484, 516, 540, 558, 571, 583, 586, 602, 610, 612, 613, 622, 632, 647, 649, 656, 739, 748, 794, 814, 830, 850, 865, 875, 1055, 1071, 1094, 1122, 1138, 1166, 1217, 1247, 1256, 1284, 1340, 1377, 1379, 1437, 1441, 1454, 1514, 1517, 1530, 1532, 1543, 1556, 1644, 1670, 1676, 1677, 1695, 1696, 1761, 1762, 1937, 2323, 2456, 2480, 2630, 2771, 2778, 2784, 2866, 2899, 3615, 3652, 3653, 3670, 3675, 3679, 3715, 3753, 3875, 4006, 4049, 4084, 4108, 4165, 4197, 4372, 4384, 4398], Any[11, 60, 84, 92, 3623, 3903, 3905], 108), (Any[27, 88, 184, 343, 449, 481, 494, 497, 506, 530, 531, 561, 567, 569, 574, 577, 598, 602, 630, 643, 644, 649, 652, 653, 667, 696, 708, 712, 726, 738, 741, 743, 744, 749, 750, 770, 775, 788, 792, 794, 814, 824, 828, 839, 845, 861, 872, 876, 883, 887, 891, 907, 908, 916, 928, 983, 1251, 1309, 1332, 1343, 1494, 1956, 2052, 2156, 2342, 2358, 2367, 2493, 2496, 2497, 2780, 2783, 2802, 2805, 2806, 2808, 2829, 2858, 2859, 2864, 2876, 2888, 2890, 2901, 2902, 2917, 2919, 2971, 2997, 3017, 3100, 3115, 3136, 3138, 3139, 3163, 3196, 3198, 3199, 3211, 3213, 3220, 3223, 3224, 3225, 3232, 3233, 3234, 3235, 3238, 3239, 3240, 3242, 3243, 3245, 3248, 3249, 3250, 3253, 3254, 3257, 3258, 3259, 3261, 3263, 3264, 3268, 3269, 3278, 3279, 3280, 3286, 3311, 3315, 3371, 3465, 3496, 4078, 4109, 4187, 4292, 4324, 4326, 4333, 4374, 4403], Any[60, 84, 3368, 4035], 150), (Any[88, 163, 337, 338, 401, 460, 462, 491, 587, 650, 653, 658, 659, 665, 666, 679, 682, 683, 697, 701, 736, 739, 770, 843, 867, 878, 892, 917, 1013, 1126, 1160, 1161, 1326, 1484, 1520, 1526, 1549, 1634, 1695, 1813, 1882, 2023, 2218, 2396, 2408, 2418, 2419, 2452, 2574, 2695, 2733, 2742, 2745, 2748, 2752, 2760, 2784, 2796, 2808, 2857, 2865, 3108, 3155, 3300, 3308, 3310, 3315, 3317, 3324, 3331, 3333, 3338, 3352, 3354, 3356, 3370, 3371, 3372, 3374, 3390, 3398, 3400, 3401, 3403, 3404, 3406, 3407, 3409, 3410, 3411, 3412, 3413, 3414, 3415, 3416, 3417, 3418, 3419, 3420, 3421, 3422, 3423, 3424, 3425, 3426, 3428, 3429, 3430, 3431, 3432, 3433, 3435, 3436, 3437, 3438, 3439, 3440, 3443, 3444, 3445, 3461, 3463, 3485, 3776, 3793, 3794, 3827, 3830, 3831, 3834, 3837, 3838, 3839, 3999, 4002, 4006, 4030, 4130, 4132, 4134, 4135, 4139, 4145, 4229, 4230, 4252, 4276, 4372, 4375], Any[60, 84, 3367, 3368, 3369, 4026, 4038], 156), (Any[3, 10, 17, 18, 28, 43, 48, 68, 81, 82, 107, 117, 124, 128, 218, 221, 259, 287, 338, 340, 347, 351, 353, 376, 379, 390, 391, 394, 401, 415, 416, 422, 444, 447, 467, 470, 481, 506, 510, 561, 587, 637, 642, 652, 671, 770, 826, 843, 878, 880, 900, 917, 1069, 1078, 1121, 1126, 1132, 1143, 1149, 1174, 1196, 1223, 1225, 1280, 1302, 1521, 1530, 1546, 1564, 1579, 1656, 1667, 1697, 1824, 1924, 2012, 2106, 2229, 2249, 2742, 2757, 2790, 2805, 2842, 2887, 2898, 2904, 2909, 2922, 2931, 2933, 2944, 2945, 3125, 3140, 3141, 3276, 3297, 3336, 3439, 3549, 3621, 3648, 3656, 3664, 3666, 3668, 3743, 3793, 3875, 3902, 3937, 3946, 3960, 3965, 3974, 3986, 4015, 4030, 4060, 4110, 4132, 4134, 4135, 4145, 4151, 4165, 4187, 4204, 4205, 4206, 4207, 4208, 4231, 4238, 4265, 4276, 4292, 4381, 4384, 4390, 4398, 4404, 4406, 4408], Any[33, 60, 344, 2918, 3339, 3340, 3341, 3362, 3368, 3434, 3595, 3672, 3745, 3873, 3882, 3891, 3905, 3906, 3913, 3915, 3919, 3923, 3943, 3976, 4037, 4056, 4058], 172), (Any[10, 28, 35, 36, 43, 68, 77, 81, 82, 87, 88, 102, 105, 107, 108, 110, 112, 115, 120, 125, 127, 140, 142, 150, 151, 154, 155, 156, 160, 161, 162, 165, 167, 168, 203, 208, 218, 227, 230, 250, 262, 268, 287, 301, 303, 309, 310, 324, 325, 331, 332, 334, 336, 345, 347, 357, 368, 372, 375, 376, 389, 399, 411, 413, 414, 420, 425, 429, 433, 434, 435, 445, 470, 473, 475, 500, 551, 565, 581, 590, 594, 595, 598, 600, 611, 615, 622, 627, 641, 649, 650, 666, 675, 677, 679, 683, 686, 711, 717, 718, 731, 732, 740, 755, 759, 790, 809, 819, 837, 839, 851, 864, 865, 867, 886, 923, 939, 1007, 1013, 1041, 1050, 1059, 1068, 1076, 1080, 1083, 1113, 1143, 1225, 1257, 1269, 1304, 1321, 1348, 1366, 1379, 1388, 1415, 1481, 1483, 1492, 1502, 1530, 1624, 1652, 1664, 1670, 1676, 1677, 1694, 1695, 1696, 1726, 1736, 1813, 1839, 1840, 2000, 2015, 2020, 2084, 2094, 2116, 2120, 2217, 2237, 2309, 2334, 2519, 2529, 2575, 2596, 2771, 2808, 2837, 2846, 2882, 2885, 2894, 2896, 2904, 2909, 2922, 2931, 2958, 2959, 3005, 3021, 3034, 3070, 3118, 3119, 3133, 3138, 3139, 3140, 3144, 3149, 3150, 3162, 3196, 3197, 3198, 3199, 3300, 3315, 3319, 3331, 3352, 3364, 3441, 3442, 3448, 3449, 3455, 3456, 3457, 3458, 3459, 3460, 3461, 3464, 3466, 3501, 3630, 3642, 3646, 3663, 3664, 3665, 3666, 3667, 3669, 3670, 3675, 3681, 3689, 3691, 3699, 3701, 3704, 3706, 3708, 3709, 3711, 3714, 3715, 3728, 3731, 3762, 3793, 3842, 3846, 3847, 3912, 3916, 3931, 3936, 3938, 3946, 3950, 3958, 3982, 3984, 3986, 3991, 3996, 4006, 4017, 4020, 4036, 4048, 4049, 4089, 4090, 4098, 4116, 4151, 4211, 4218, 4253, 4265, 4276, 4284, 4292, 4318, 4319, 4380, 4391, 4403], Any[11, 60, 84, 92, 344, 365, 412, 3340, 3357, 3389, 3733, 3759, 3849, 3891, 3903, 3906, 3915, 3923, 4016, 4026, 4037, 4057, 4237], 313)], Any[80.66217184066772, 149.44930386543274, 25.582942008972168, 577.4037702083588, 30.220228910446167, 1800.0963490009308], Any[0.10757017135620117, 0.03828096389770508, 0.03475499153137207, 0.03370809555053711, 0.05237317085266113], Any[17.495843172073364, 11.304500102996826, 11.761734962463379, 16.802443027496338, 12.37087893486023]), 16)
