ENV["GRB_LICENSE_FILE"] = "/home/htc/htroppen/gurobi.lic"
Recon3D
(time_limit, fast, json, yeast) = (1800, true, true, false)
fast = true

Recon3D
----------------------------------
number of metabolites : 5835
number of reactions : 10600
number of genes : 2248

MOI.get(master_problem, MOI.RawOptimizerAttribute("numerics/feastol")) = 1.0e-6
multiple_mis = 530
max_cuts = 53
(indicator, big_m) = (false, true)
BIG M ADDED
model with 10600 flux variables and 19394 variables in total
master problem solved
feasible = false
[length(mis) for mis = unique(C_list)] = [8, 3, 3, 4, 4, 6, 4, 6, 6, 8, 10, 5, 9, 3, 266, 4, 4, 6, 4, 335, 4, 4, 4, 8, 3, 6, 5, 4, 30, 4, 4, 7, 4, 4, 4, 4, 5, 3, 5, 3, 4, 5, 6, 6, 4, 6, 5, 10, 6, 3, 8, 3, 5, 3, 4, 4, 6, 4, 7, 12, 4, 33, 4, 6, 689, 3, 165, 4, 4, 4, 3, 8, 4, 5, 4, 4, 7, 3, 20, 4, 4, 12, 456, 4, 4, 7, 4, 4, 4, 6, 6, 4, 6, 3, 3, 4, 4, 4, 4, 6, 381, 4, 3, 4, 5, 4, 4, 4, 4, 4, 8, 5, 4, 4, 244, 4, 2, 99, 4, 610, 4, 6, 4, 5, 4, 6, 4, 4, 5, 4, 5, 5, 4, 4, 4, 4, 4, 4, 4, 5, 6, 4, 6, 4, 3, 4, 4, 4, 4, 6, 4, 4, 3, 4, 4, 4, 5, 7, 4, 8, 7, 3, 4, 4, 4, 4, 4, 5, 6, 8, 4, 4, 27, 4, 274, 7, 175, 5, 4, 5, 214, 4, 4, 6, 5, 5, 4, 4, 4, 3, 3, 4, 4, 32, 6, 5, 8, 7, 4, 4, 15, 4, 4, 3, 4, 4, 6, 3, 6, 4, 5, 5, 5, 3, 436, 11, 5, 12, 23, 226, 6, 5, 3, 3, 3, 3, 175, 567, 6, 7, 4, 25, 4, 8, 3, 9, 3, 4, 6, 3, 13, 4, 4, 29, 16, 384, 5, 5, 4, 14, 4, 4, 4, 5, 5, 4, 4, 4, 4, 4, 4, 6, 5, 4, 16, 4, 4, 4, 4, 8, 5, 4, 4, 4, 4, 4, 9, 11, 4, 4, 4, 7, 7, 5, 4, 10, 4, 4, 6, 6, 8, 4, 4, 4, 6, 6, 6, 4, 18, 4, 4, 8, 7, 4, 4, 3, 3, 6, 14, 8, 4, 6, 3, 5, 4, 6, 4, 4, 4, 6, 6, 4, 6, 4, 4, 4, 3, 5, 4, 4, 3, 6, 6, 4, 4, 4, 3, 3, 4, 9, 5, 14, 4, 4, 4, 4, 8, 4, 4, 8, 4, 4, 6, 9, 5, 11, 5, 7, 4, 286, 5, 5, 4, 4, 6, 7, 3, 3, 4, 4, 465, 4, 6, 4, 6, 4, 4, 4, 6, 4, 6, 6, 4, 8, 4, 4, 3, 5, 4, 3, 7, 6]
length(C_list) = 53
sub problem solved
iter = 1
[length(mis) for mis = unique(C_list)] = [4, 4, 4, 10, 6, 4, 6, 12, 4, 4, 6, 8, 4, 4, 3, 4, 4, 5, 9, 9, 5, 4, 4, 5, 4, 5, 4, 5, 4, 4, 4, 6, 3, 4, 4, 4, 4, 6, 4, 4, 4, 4, 7, 4, 4, 4, 4, 11, 5, 5, 4, 5, 4, 10, 6, 8, 16, 4, 4, 3, 3, 3, 6, 520, 6, 6, 8, 4, 4, 4, 3, 4, 9, 4, 7, 6, 4, 9, 4, 5, 36, 5, 4, 4, 4, 3, 4, 6, 7, 6, 4, 4, 4, 6, 23, 4, 4, 5, 6, 6, 4, 3, 4, 5, 4, 6, 4, 4, 6, 5, 5, 6, 5, 7, 4, 7, 33, 4, 4, 6, 7, 4, 4, 4, 3, 4, 8, 4, 4, 5, 4, 17, 8, 4, 112, 4, 7, 4, 9, 4, 4, 137, 4, 35, 3, 4, 6, 289, 4, 6, 6, 6, 5, 8, 5, 4, 4, 4, 3, 6, 6, 4, 4, 24, 3, 6, 3, 4, 4, 25, 3, 4, 7, 3, 5, 8, 6, 6, 4, 47, 7, 7, 4, 7, 16, 4, 5, 3, 5, 17, 8, 7, 4, 7, 4, 4, 6, 4, 4, 4, 6, 4, 6, 7, 17, 10, 13, 4, 6, 4, 5, 16, 23, 15, 4, 5, 4, 4, 3, 4, 4, 6, 5, 4, 4, 3, 209, 4, 149, 5, 4, 10, 6, 4, 5, 4, 7, 6, 6, 10, 5, 4, 81, 52, 5, 6, 56, 195, 5, 13, 4, 11, 120, 4, 16, 16, 5, 5, 9, 5, 4, 4, 6, 5, 4, 6, 11, 4, 4, 4, 5, 3, 4, 9, 5, 4, 5, 7, 4, 4, 4, 6, 5, 4, 9, 4, 4, 4, 6, 5, 4, 510, 4, 5, 6, 4, 4, 4, 9, 4, 4, 5, 8, 5, 4, 7, 6, 6, 4, 6, 6, 9, 9, 8, 4, 6, 6, 5, 6, 7, 4, 4, 6, 63, 4, 4, 4, 7, 4, 5, 5, 4, 3, 4, 6, 9, 7, 5, 4, 8, 9, 4, 7, 4, 4, 4, 9, 4, 9, 4, 4, 4, 3, 6, 5, 4, 4, 4, 7, 4, 5, 7, 5, 8, 6, 6, 4, 6, 3, 6, 11, 7, 4, 12, 4, 4, 10, 4, 4, 5, 7, 4, 4, 3]
length(C_list) = 53
termination_sub = MathOptInterface.INFEASIBLE
iter = 2
[length(mis) for mis = unique(C_list)] = [4, 4, 3, 4, 4, 4, 4, 4, 4, 4, 4, 3, 4, 4, 3, 4, 7, 4, 3, 7, 3, 6, 5, 4, 4, 9, 3, 3, 4, 6, 4, 4, 4, 4, 4, 5, 196, 5, 4, 6, 8, 5, 6, 4, 7, 4, 4, 8, 5, 3, 4, 5, 4, 4, 4, 4, 3, 4, 4, 4, 6, 83, 9, 8, 4, 4, 4, 4, 4, 3, 5, 3, 6, 9, 5, 17, 14, 106, 4, 6, 53, 6, 7, 6, 7, 4, 4, 4, 6, 4, 15, 5, 4, 6, 4, 97, 19, 5, 31, 4, 4, 4, 5, 5, 5, 8, 4, 4, 4, 105, 4, 4, 4, 5, 4, 6, 7, 6, 8, 13, 8, 3, 4, 8, 4, 10, 4, 4, 536, 6, 8, 5, 4, 6, 89, 6, 519, 4, 225, 5, 4, 4, 72, 4, 6, 4, 4, 4, 9, 4, 448, 4, 4, 6, 4, 10, 6, 6, 3, 4, 6, 4, 3, 7, 4, 4, 4, 5, 6, 6, 4, 4, 4, 137, 4, 4, 7, 4, 4, 325, 8, 4, 6, 7, 4, 9, 8, 4, 3, 6, 10, 4, 4, 5, 9, 457, 9, 23, 3, 9, 4, 4, 6, 4, 6, 8, 5, 5, 4, 130, 3, 44, 15, 5, 65, 6, 4, 390, 5, 69, 4, 51, 4, 3, 4, 4, 5, 676, 4, 3, 6, 6, 6, 4, 3, 4, 4, 5, 6, 3, 348, 4, 4, 8, 4, 4, 5, 7, 8, 4, 5, 4, 3, 4, 21, 284, 4, 14, 5, 4, 96, 4, 4, 6, 4, 4, 9, 3, 77, 5, 4, 4, 4, 4, 5, 4, 18, 10, 6, 54, 12, 7, 5, 6, 4, 4, 6, 5, 6, 6, 6, 6, 6, 53, 4, 6, 4, 4, 90, 9, 12, 6, 4, 12, 4, 4, 5, 26, 6, 4, 8, 6, 6, 3, 4, 6, 4, 3, 8, 6, 6, 4, 8, 7, 4, 4, 7, 4, 5, 9, 6, 10, 3, 4, 4, 5, 6, 7, 7, 14, 8, 16, 6, 4, 3, 6, 6, 5, 4, 4, 4, 515, 4, 7, 6, 6, 6, 4, 8, 6, 6, 6, 8, 4, 12, 14, 236, 4, 8, 4, 4, 10, 5, 4, 6, 4, 4, 5, 5, 4, 8, 6]
length(C_list) = 53
termination_sub = MathOptInterface.INFEASIBLE
iter = 3
[length(mis) for mis = unique(C_list)] = [6, 10, 4, 4, 4, 13, 5, 4, 4, 3, 8, 8, 4, 6, 706, 6, 4, 4, 8, 8, 4, 6, 6, 4, 4, 4, 6, 6, 6, 4, 9, 6, 4, 4, 4, 6, 9, 4, 4, 4, 10, 6, 5, 4, 4, 5, 4, 8, 8, 8, 8, 12, 4, 6, 19, 4, 4, 6, 6, 4, 8, 6, 8, 176, 4, 6, 4, 4, 12, 4, 9, 6, 7, 4, 4, 6, 3, 6, 4, 75, 105, 4, 7, 4, 14, 11, 4, 33, 6, 6, 4, 6, 42, 4, 4, 4, 8, 6, 9, 6, 6, 5, 4, 6, 4, 6, 10, 4, 5, 5, 69, 8, 4, 11, 3, 4, 7, 4, 8, 80, 7, 4, 266, 4, 14, 4, 69, 9, 4, 4, 229, 4, 4, 4, 6, 4, 6, 5, 6, 4, 6, 4, 4, 3, 4, 3, 4, 9, 4, 4, 4, 16, 5, 9, 8, 4, 7, 4, 4, 4, 4, 644, 6, 4, 6, 3, 3, 4, 6, 4, 5, 4, 3, 8, 4, 3, 4, 184, 6, 20, 14, 4, 190, 4, 4, 4, 4, 563, 4, 4, 4, 5, 4, 345, 4, 5, 6, 7, 11, 3, 4, 6, 4, 5, 38, 12, 6, 13, 164, 4, 4, 6, 3, 6, 13, 5, 6, 3, 11, 176, 10, 11, 23, 6, 6, 160, 4, 4, 4, 6, 4, 9, 281, 5, 5, 8, 123, 6, 5, 6, 3, 10, 4, 4, 4, 466, 3, 10, 4, 223, 7, 4, 6, 5, 6, 6, 3, 6, 6, 5, 4, 4, 13, 4, 6, 4, 3, 11, 6, 4, 13, 148, 4, 6, 4, 5, 7, 5, 8, 5, 3, 6, 3, 8, 4, 4, 8, 9, 4, 5, 6, 6, 6, 4, 8, 5, 5, 3, 6, 4, 6, 8, 4, 19, 4, 12, 4, 4, 4, 5, 111, 4, 4, 7, 9, 250, 14, 4, 4, 4, 6, 4, 4, 3, 12, 7, 5, 6, 8, 4, 9, 4, 6, 4, 4, 15, 4, 4, 4, 4, 6, 3, 3, 4, 4, 4, 13, 267, 69, 237, 4, 4, 6, 4, 3, 4, 6, 4, 6, 4, 9, 6, 5, 4, 8, 20, 6, 8, 6, 435, 6, 4, 7, 11, 3, 49, 7, 6, 5, 145, 4, 5, 4, 6, 4, 6, 5, 6, 6, 4, 21, 4, 4, 20, 4, 3]
length(C_list) = 53
termination_sub = MathOptInterface.INFEASIBLE
iter = 4
[length(mis) for mis = unique(C_list)] = [4, 4, 4, 9, 4, 6, 8, 6, 6, 4, 4, 4, 4, 4, 5, 4, 4, 6, 7, 4, 6, 6, 5, 4, 4, 4, 3, 4, 14, 6, 5, 7, 4, 4, 4, 6, 4, 4, 6, 8, 4, 4, 9, 8, 3, 4, 6, 4, 6, 6, 4, 6, 9, 3, 9, 3, 7, 4, 6, 10, 6, 8, 6, 51, 36, 7, 7, 8, 426, 641, 7, 16, 9, 4, 320, 4, 3, 3, 4, 3, 6, 6, 9, 6, 6, 6, 8, 18, 4, 4, 4, 5, 5, 4, 6, 714, 7, 4, 3, 96, 8, 81, 56, 198, 247, 354, 343, 5, 4, 307, 10, 3, 6, 5, 16, 4, 6, 4, 358, 5, 8, 4, 3, 55, 8, 5, 4, 6, 10, 4, 50, 6, 4, 42, 3, 11, 8, 6, 8, 8, 4, 5, 14, 4, 4, 16, 3, 4, 4, 3, 3, 4, 9, 4, 4, 10, 4, 6, 4, 4, 5, 3, 6, 6, 7, 4, 6, 4, 4, 5, 6, 3, 3, 507, 439, 13, 4, 22, 4, 8, 10, 4, 4, 4, 3, 500, 8, 5, 8, 4, 515, 5, 7, 6, 4, 6, 4, 12, 11, 7, 4, 8, 4, 10, 4, 4, 4, 5, 309, 5, 4, 6, 6, 3, 11, 22, 6, 3, 4, 14, 23, 4, 13, 4, 9, 252, 4, 16, 4, 17, 4, 6, 4, 3, 4, 3, 17, 6, 12, 6, 17, 6, 8, 5, 5, 8, 6, 6, 5, 186, 4, 5, 5, 4, 85, 5, 7, 4, 4, 5, 13, 3, 4, 158, 6, 10, 4, 4, 4, 4, 4, 5, 7, 10, 4, 4, 4, 6, 8, 6, 9, 10, 6, 10, 56, 4, 5, 5, 4, 5, 4, 6, 4, 6, 4, 4, 12, 4, 6, 4, 6, 5, 6, 4, 4, 18, 4, 4, 8, 6, 5, 3, 3, 333, 5, 81, 4, 8, 13, 4, 8, 4, 4, 4, 8, 7, 6, 18, 4, 9, 8, 4, 9, 4, 4, 5, 6, 6, 6, 9, 4, 4, 4, 8, 4, 6, 10, 8, 4, 6, 6, 6, 4, 4, 4, 6, 4, 4, 7, 4, 8, 8, 4, 7, 3, 8, 4, 6, 4, 10, 296, 4, 227, 11, 9, 4, 4, 4, 4, 6, 4, 3, 9, 3, 6, 7, 5, 4, 4]
length(C_list) = 53
termination_sub = MathOptInterface.INFEASIBLE
iter = 5
[length(mis) for mis = unique(C_list)] = [3, 4, 4, 6, 5, 4, 4, 6, 5, 4, 4, 4, 4, 11, 4, 6, 4, 6, 4, 10, 6, 6, 4, 8, 17, 4, 8, 4, 4, 8, 4, 6, 6, 10, 7, 3, 6, 8, 4, 3, 8, 9, 6, 7, 11, 6, 4, 4, 4, 4, 296, 6, 8, 8, 4, 4, 4, 9, 3, 4, 4, 8, 4, 3, 5, 6, 4, 6, 6, 6, 4, 3, 6, 8, 7, 3, 95, 20, 18, 135, 8, 7, 5, 4, 453, 4, 6, 4, 8, 6, 6, 5, 4, 9, 5, 4, 7, 6, 3, 4, 7, 7, 5, 18, 137, 4, 54, 4, 10, 5, 5, 8, 10, 6, 574, 4, 3, 7, 5, 6, 6, 4, 6, 4, 6, 6, 9, 3, 4, 6, 6, 7, 4, 6, 9, 19, 4, 4, 7, 3, 4, 139, 7, 59, 64, 4, 5, 6, 4, 4, 6, 6, 4, 4, 4, 8, 4, 6, 4, 395, 4, 6, 5, 4, 4, 4, 272, 8, 4, 4, 98, 4, 6, 5, 9, 19, 4, 5, 4, 4, 17, 6, 4, 5, 6, 6, 11, 4, 8, 623, 4, 7, 5, 3, 4, 9, 4, 9, 9, 3, 8, 8, 5, 193, 7, 45, 4, 6, 4, 31, 4, 115, 9, 4, 7, 16, 4, 6, 12, 205, 6, 18, 8, 4, 7, 12, 8, 223, 5, 4, 4, 4, 7, 8, 4, 5, 4, 4, 5, 4, 4, 6, 5, 4, 4, 8, 4, 5, 6, 6, 8, 4, 4, 5, 4, 4, 277, 6, 4, 4, 4, 4, 4, 8, 14, 6, 4, 4, 12, 6, 5, 4, 4, 8, 4, 4, 4, 4, 4, 4, 6, 6, 4, 4, 114, 3, 3, 6, 10, 4, 7, 5, 3, 5, 6, 4, 4, 67, 4, 8, 6, 4, 4, 3, 6, 3, 7, 4, 6, 6, 4, 14, 13, 5, 4, 11, 174, 5, 8, 4, 8, 381, 7, 4, 4, 6, 4, 5, 8, 8, 273, 9, 4, 27, 4, 6, 7, 4, 4, 4, 22, 5, 10, 4, 3, 4, 4, 6, 4, 4, 4, 277, 8, 4, 4, 4, 5, 18, 6, 5, 3, 4, 6, 6, 4, 6, 6, 111, 8, 3, 7, 8, 8, 6, 7, 4, 7, 5, 6, 8, 3, 8, 8, 6, 4, 4, 8, 8, 6, 8, 4, 6, 7, 4, 4, 3, 4]
length(C_list) = 53
termination_sub = MathOptInterface.INFEASIBLE
iter = 6
[length(mis) for mis = unique(C_list)] = [7, 4, 4, 6, 8, 9, 4, 8, 4, 4, 4, 6, 4, 7, 9, 4, 6, 4, 4, 4, 9, 4, 13, 6, 4, 4, 4, 4, 4, 4, 5, 6, 4, 6, 4, 4, 3, 4, 6, 4, 3, 4, 4, 4, 8, 12, 4, 9, 7, 6, 4, 12, 4, 63, 4, 4, 6, 7, 3, 6, 451, 3, 11, 5, 5, 5, 4, 7, 9, 7, 6, 4, 4, 4, 441, 9, 4, 4, 5, 5, 9, 3, 4, 42, 5, 10, 6, 6, 5, 3, 6, 5, 5, 8, 11, 10, 8, 5, 5, 4, 3, 4, 3, 4, 4, 6, 4, 6, 5, 5, 6, 6, 5, 4, 6, 6, 4, 4, 4, 4, 507, 4, 10, 6, 7, 4, 4, 4, 6, 4, 3, 4, 4, 4, 3, 6, 10, 5, 4, 6, 4, 8, 17, 8, 5, 8, 4, 9, 4, 9, 4, 7, 8, 3, 12, 9, 10, 9, 4, 6, 8, 8, 4, 4, 4, 4, 6, 4, 10, 4, 803, 79, 4, 8, 6, 26, 6, 4, 4, 4, 8, 4, 6, 5, 4, 6, 7, 6, 10, 279, 7, 5, 6, 4, 7, 76, 10, 200, 4, 11, 6, 4, 25, 13, 6, 4, 4, 5, 606, 568, 13, 7, 6, 8, 94, 25, 509, 14, 4, 4, 737, 9, 3, 4, 11, 4, 4, 473, 4, 8, 7, 4, 6, 6, 4, 10, 6, 14, 6, 6, 5, 6, 5, 4, 4, 7, 4, 62, 14, 8, 9, 4, 4, 4, 6, 4, 6, 4, 8, 16, 7, 8, 4, 8, 6, 6, 4, 3, 8, 6, 4, 5, 4, 5, 6, 6, 6, 4, 6, 4, 4, 4, 8, 6, 3, 12, 6, 4, 7, 8, 7, 6, 8, 4, 5, 5, 7, 4, 6, 5, 6, 36, 7, 6, 4, 8, 6, 4, 14, 33, 4, 5, 9, 145, 8, 10, 4, 7, 5, 6, 6, 4, 9, 7, 8, 4, 6, 7, 6, 6, 4, 5, 4, 5, 4, 4, 8, 8, 6, 4, 9, 4, 6, 10, 13, 21, 5, 10, 4, 6, 6, 4, 5, 7, 6, 4, 5, 9, 7, 4, 7, 5, 9, 4, 4, 5, 5, 8, 4, 6, 5, 6, 5, 5, 8, 5, 6, 6, 4, 491, 3, 4, 6, 4, 8, 4, 4, 5, 4, 6, 4, 4, 4, 4]
length(C_list) = 53
termination_sub = MathOptInterface.INFEASIBLE
iter = 7
[length(mis) for mis = unique(C_list)] = [6, 4, 11, 7, 6, 6, 4, 4, 11, 4, 6, 4, 13, 3, 4, 8, 4, 11, 534, 10, 9, 4, 4, 22, 18, 4, 8, 4, 3, 4, 6, 4, 6, 4, 7, 4, 8, 6, 10, 8, 4, 4, 4, 4, 8, 4, 4, 24, 6, 4, 4, 4, 5, 6, 13, 5, 8, 7, 5, 4, 5, 3, 6, 4, 6, 6, 4, 4, 6, 4, 6, 366, 10, 40, 4, 255, 9, 4, 8, 4, 45, 5, 5, 6, 6, 4, 8, 6, 8, 4, 4, 4, 6, 5, 10, 4, 6, 475, 7, 5, 8, 8, 87, 4, 170, 4, 19, 4, 4, 4, 4, 4, 7, 6, 16, 6, 65, 6, 4, 6, 9, 4, 9, 4, 4, 4, 6, 4, 8, 27, 524, 277, 9, 6, 4, 4, 8, 4, 5, 339, 116, 4, 55, 7, 4, 4, 6, 4, 4, 7, 332, 3, 6, 15, 8, 7, 4, 6, 4, 4, 16, 6, 6, 6, 4, 4, 4, 6, 4, 10, 3, 4, 5, 8, 6, 4, 9, 4, 10, 6, 140, 5, 4, 4, 11, 4, 6, 4, 7, 5, 4, 6, 4, 4, 7, 7, 4, 8, 4, 6, 5, 6, 9, 4, 6, 22, 118, 5, 4, 4, 8, 6, 6, 12, 5, 4, 12, 166, 4, 261, 101, 6, 4, 4, 7, 331, 3, 6, 4, 4, 4, 4, 6, 229, 13, 4, 4, 19, 4, 9, 6, 8, 7, 4, 5, 5, 4, 4, 4, 8, 4, 4, 4, 8, 18, 6, 9, 6, 6, 4, 6, 6, 14, 4, 3, 5, 8, 12, 6, 4, 4, 10, 4, 4, 8, 6, 4, 6, 4, 6, 6, 6, 4, 39, 8, 4, 6, 5, 7, 4, 7, 4, 4, 6, 6, 4, 6, 4, 9, 4, 4, 300, 6, 4, 10, 9, 8, 5, 6, 8, 6, 5, 15, 13, 4, 4, 4, 4, 4, 6, 4, 7, 10, 4, 4, 4, 4, 6, 5, 6, 5, 4, 9, 4, 7, 3, 4, 4, 4, 4, 4, 4, 4, 9, 6, 4, 4, 4, 4, 4, 4, 4, 4, 4, 4, 4, 4, 4, 6, 6, 8, 4, 4, 14, 6, 4, 8, 6, 68, 6, 4, 6, 4, 4, 15, 14, 5, 182, 6, 6, 72, 4, 4, 9, 4, 10, 5, 5, 20, 4, 4, 4, 6, 12, 4]
length(C_list) = 53
termination_sub = MathOptInterface.INFEASIBLE
iter = 8
termination = MathOptInterface.INFEASIBLE
objective_value = 755.003215550663
